ScoreMargin,Bot_v_Bot,Winner,WinScore,LoseScore
3,Beginner vs Beginner,Beginner,11,8
4,Beginner vs Beginner,Beginner,9,5
5,Beginner vs Beginner,Beginner,6,1
4,Beginner vs Beginner,Beginner,17,13
3,Beginner vs Beginner,Beginner,11,8
5,Beginner vs Beginner,Beginner,18,13
6,Beginner vs Beginner,Beginner,17,11
15,Beginner vs Beginner,Beginner,22,7
4,Beginner vs Beginner,Beginner,9,5
4,Beginner vs Beginner,Beginner,13,9
2,Beginner vs Beginner,Beginner,6,4
5,Beginner vs Beginner,Beginner,11,6
1,Beginner vs Beginner,Beginner,17,16
4,Beginner vs Beginner,Beginner,18,14
4,Beginner vs Beginner,Beginner,17,13
4,Beginner vs Beginner,Beginner,9,5
3,Beginner vs Beginner,Beginner,14,11
4,Beginner vs Beginner,Beginner,15,11
1,Beginner vs Beginner,Beginner,8,7
0,Beginner vs Beginner,No one,10,10
1,Beginner vs Beginner,Beginner,5,4
8,Beginner vs Beginner,Beginner,29,21
9,Beginner vs Beginner,Beginner,23,14
2,Beginner vs Beginner,Beginner,14,12
10,Beginner vs Beginner,Beginner,13,3
1,Beginner vs Beginner,Beginner,14,13
5,Beginner vs Beginner,Beginner,10,5
1,Beginner vs Beginner,Beginner,10,9
0,Beginner vs Beginner,No one,18,18
1,Beginner vs Beginner,Beginner,9,8
1,Beginner vs Beginner,Beginner,11,10
2,Beginner vs Beginner,Beginner,11,9
1,Beginner vs Beginner,Beginner,12,11
5,Beginner vs Beginner,Beginner,13,8
7,Beginner vs Beginner,Beginner,15,8
5,Beginner vs Beginner,Beginner,13,8
6,Beginner vs Beginner,Beginner,15,9
4,Beginner vs Beginner,Beginner,18,14
6,Beginner vs Beginner,Beginner,11,5
1,Beginner vs Beginner,Beginner,11,10
8,Beginner vs Beginner,Beginner,18,10
6,Beginner vs Beginner,Beginner,15,9
6,Beginner vs Beginner,Beginner,10,4
4,Beginner vs Beginner,Beginner,10,6
2,Beginner vs Beginner,Beginner,4,2
0,Beginner vs Beginner,No one,8,8
2,Beginner vs Beginner,Beginner,16,14
4,Beginner vs Beginner,Beginner,9,5
7,Beginner vs Beginner,Beginner,11,4
0,Beginner vs Beginner,No one,8,8
2,Beginner vs Beginner,Beginner,16,14
5,Beginner vs Beginner,Beginner,18,13
1,Beginner vs Beginner,Beginner,8,7
10,Beginner vs Beginner,Beginner,17,7
5,Beginner vs Beginner,Beginner,10,5
5,Beginner vs Beginner,Beginner,15,10
1,Beginner vs Beginner,Beginner,7,6
4,Beginner vs Beginner,Beginner,17,13
0,Beginner vs Beginner,No one,11,11
4,Beginner vs Beginner,Beginner,21,17
5,Beginner vs Beginner,Beginner,22,17
3,Beginner vs Beginner,Beginner,13,10
6,Beginner vs Beginner,Beginner,18,12
4,Beginner vs Beginner,Beginner,15,11
3,Beginner vs Beginner,Beginner,13,10
0,Beginner vs Beginner,No one,8,8
2,Beginner vs Beginner,Beginner,7,5
5,Beginner vs Beginner,Beginner,13,8
9,Beginner vs Beginner,Beginner,14,5
1,Beginner vs Beginner,Beginner,10,9
2,Beginner vs Beginner,Beginner,14,12
1,Beginner vs Beginner,Beginner,7,6
4,Beginner vs Beginner,Beginner,14,10
5,Beginner vs Beginner,Beginner,9,4
4,Beginner vs Beginner,Beginner,10,6
0,Beginner vs Beginner,No one,13,13
6,Beginner vs Beginner,Beginner,14,8
0,Beginner vs Beginner,No one,9,9
2,Beginner vs Beginner,Beginner,15,13
0,Beginner vs Beginner,No one,12,12
2,Beginner vs Beginner,Beginner,12,10
5,Beginner vs Beginner,Beginner,12,7
0,Beginner vs Beginner,No one,19,19
7,Beginner vs Beginner,Beginner,15,8
2,Beginner vs Beginner,Beginner,7,5
5,Beginner vs Beginner,Beginner,22,17
5,Beginner vs Beginner,Beginner,16,11
6,Beginner vs Beginner,Beginner,16,10
4,Beginner vs Beginner,Beginner,11,7
8,Beginner vs Beginner,Beginner,17,9
6,Beginner vs Beginner,Beginner,15,9
4,Beginner vs Beginner,Beginner,14,10
1,Beginner vs Beginner,Beginner,19,18
1,Beginner vs Beginner,Beginner,11,10
5,Beginner vs Beginner,Beginner,20,15
6,Beginner vs Beginner,Beginner,13,7
7,Beginner vs Beginner,Beginner,15,8
6,Beginner vs Beginner,Beginner,15,9
7,Beginner vs Beginner,Beginner,18,11
0,Beginner vs Beginner,No one,10,10
1,Beginner vs Beginner,Beginner,24,23
1,Beginner vs Beginner,Beginner,12,11
1,Beginner vs Beginner,Beginner,16,15
3,Beginner vs Beginner,Beginner,11,8
6,Beginner vs Beginner,Beginner,12,6
4,Beginner vs Beginner,Beginner,20,16
4,Beginner vs Beginner,Beginner,12,8
8,Beginner vs Beginner,Beginner,15,7
1,Beginner vs Beginner,Beginner,9,8
4,Beginner vs Beginner,Beginner,14,10
7,Beginner vs Beginner,Beginner,20,13
1,Beginner vs Beginner,Beginner,14,13
1,Beginner vs Beginner,Beginner,5,4
5,Beginner vs Beginner,Beginner,10,5
4,Beginner vs Beginner,Beginner,14,10
2,Beginner vs Beginner,Beginner,9,7
3,Beginner vs Beginner,Beginner,17,14
2,Beginner vs Beginner,Beginner,19,17
5,Beginner vs Beginner,Beginner,7,2
6,Beginner vs Beginner,Beginner,15,9
5,Beginner vs Beginner,Beginner,14,9
2,Beginner vs Beginner,Beginner,8,6
3,Beginner vs Beginner,Beginner,11,8
5,Beginner vs Beginner,Beginner,7,2
3,Beginner vs Beginner,Beginner,13,10
4,Beginner vs Beginner,Beginner,17,13
4,Beginner vs Beginner,Beginner,8,4
4,Beginner vs Beginner,Beginner,11,7
1,Beginner vs Beginner,Beginner,8,7
1,Beginner vs Beginner,Beginner,12,11
5,Beginner vs Beginner,Beginner,8,3
8,Beginner vs Beginner,Beginner,23,15
1,Beginner vs Beginner,Beginner,11,10
8,Beginner vs Beginner,Beginner,12,4
5,Beginner vs Beginner,Beginner,14,9
2,Beginner vs Beginner,Beginner,8,6
2,Beginner vs Beginner,Beginner,10,8
2,Beginner vs Beginner,Beginner,16,14
4,Beginner vs Beginner,Beginner,11,7
7,Beginner vs Beginner,Beginner,20,13
0,Beginner vs Beginner,No one,18,18
2,Beginner vs Beginner,Beginner,15,13
7,Beginner vs Beginner,Beginner,15,8
5,Beginner vs Beginner,Beginner,8,3
1,Beginner vs Beginner,Beginner,11,10
1,Beginner vs Beginner,Beginner,4,3
2,Beginner vs Beginner,Beginner,3,1
4,Beginner vs Beginner,Beginner,9,5
3,Beginner vs Beginner,Beginner,11,8
12,Beginner vs Beginner,Beginner,19,7
0,Beginner vs Beginner,No one,10,10
12,Beginner vs Beginner,Beginner,18,6
7,Beginner vs Beginner,Beginner,20,13
5,Beginner vs Beginner,Beginner,10,5
9,Beginner vs Beginner,Beginner,19,10
1,Beginner vs Beginner,Beginner,17,16
3,Beginner vs Beginner,Beginner,7,4
3,Beginner vs Beginner,Beginner,11,8
4,Beginner vs Beginner,Beginner,9,5
6,Beginner vs Beginner,Beginner,14,8
7,Beginner vs Beginner,Beginner,18,11
12,Beginner vs Beginner,Beginner,18,6
3,Beginner vs Beginner,Beginner,14,11
2,Beginner vs Beginner,Beginner,4,2
8,Beginner vs Beginner,Beginner,11,3
7,Beginner vs Beginner,Beginner,17,10
2,Beginner vs Beginner,Beginner,22,20
0,Beginner vs Beginner,No one,7,7
3,Beginner vs Beginner,Beginner,12,9
1,Beginner vs Beginner,Beginner,11,10
5,Beginner vs Beginner,Beginner,17,12
2,Beginner vs Beginner,Beginner,9,7
5,Beginner vs Beginner,Beginner,11,6
0,Beginner vs Beginner,No one,7,7
3,Beginner vs Beginner,Beginner,19,16
1,Beginner vs Beginner,Beginner,22,21
0,Beginner vs Beginner,No one,10,10
5,Beginner vs Beginner,Beginner,12,7
10,Beginner vs Beginner,Beginner,20,10
3,Beginner vs Beginner,Beginner,11,8
4,Beginner vs Beginner,Beginner,12,8
3,Beginner vs Beginner,Beginner,11,8
11,Beginner vs Beginner,Beginner,27,16
9,Beginner vs Beginner,Beginner,13,4
7,Beginner vs Beginner,Beginner,17,10
1,Beginner vs Beginner,Beginner,9,8
3,Beginner vs Beginner,Beginner,13,10
11,Beginner vs Beginner,Beginner,17,6
1,Beginner vs Beginner,Beginner,15,14
3,Beginner vs Beginner,Beginner,10,7
3,Beginner vs Beginner,Beginner,14,11
8,Beginner vs Beginner,Beginner,19,11
7,Beginner vs Beginner,Beginner,20,13
3,Beginner vs Beginner,Beginner,6,3
6,Beginner vs Beginner,Beginner,20,14
0,Beginner vs Beginner,No one,13,13
2,Beginner vs Beginner,Beginner,10,8
2,Beginner vs Beginner,Beginner,9,7
5,Beginner vs Beginner,Beginner,12,7
8,Beginner vs Beginner,Beginner,16,8
1,Beginner vs Beginner,Beginner,5,4
7,Beginner vs Beginner,Beginner,19,12
3,Beginner vs Beginner,Beginner,14,11
2,Beginner vs Beginner,Beginner,16,14
6,Beginner vs Beginner,Beginner,13,7
3,Beginner vs Beginner,Beginner,8,5
4,Beginner vs Beginner,Beginner,15,11
5,Beginner vs Beginner,Beginner,14,9
6,Beginner vs Beginner,Beginner,14,8
1,Beginner vs Beginner,Beginner,12,11
8,Beginner vs Beginner,Beginner,13,5
3,Beginner vs Beginner,Beginner,5,2
2,Beginner vs Beginner,Beginner,13,11
8,Beginner vs Beginner,Beginner,15,7
8,Beginner vs Beginner,Beginner,25,17
15,Beginner vs Beginner,Beginner,23,8
7,Beginner vs Beginner,Beginner,21,14
5,Beginner vs Beginner,Beginner,12,7
1,Beginner vs Beginner,Beginner,14,13
7,Beginner vs Beginner,Beginner,21,14
2,Beginner vs Beginner,Beginner,11,9
2,Beginner vs Beginner,Beginner,10,8
1,Beginner vs Beginner,Beginner,15,14
1,Beginner vs Beginner,Beginner,10,9
5,Beginner vs Beginner,Beginner,12,7
5,Beginner vs Beginner,Beginner,15,10
0,Beginner vs Beginner,No one,12,12
9,Beginner vs Beginner,Beginner,11,2
1,Beginner vs Beginner,Beginner,12,11
3,Beginner vs Beginner,Beginner,10,7
1,Beginner vs Beginner,Beginner,10,9
7,Beginner vs Beginner,Beginner,18,11
4,Beginner vs Beginner,Beginner,11,7
0,Beginner vs Beginner,No one,4,4
0,Beginner vs Beginner,No one,14,14
0,Beginner vs Beginner,No one,14,14
2,Beginner vs Beginner,Beginner,8,6
1,Beginner vs Beginner,Beginner,11,10
7,Beginner vs Beginner,Beginner,16,9
0,Beginner vs Beginner,No one,6,6
4,Beginner vs Beginner,Beginner,9,5
2,Beginner vs Beginner,Beginner,17,15
0,Beginner vs Beginner,No one,11,11
2,Beginner vs Beginner,Beginner,12,10
4,Beginner vs Beginner,Beginner,18,14
6,Beginner vs Beginner,Beginner,12,6
7,Beginner vs Beginner,Beginner,16,9
7,Beginner vs Beginner,Beginner,19,12
5,Beginner vs Beginner,Beginner,13,8
0,Beginner vs Beginner,No one,9,9
2,Beginner vs Beginner,Beginner,14,12
7,Beginner vs Beginner,Beginner,16,9
6,Beginner vs Beginner,Beginner,7,1
0,Beginner vs Beginner,No one,9,9
5,Beginner vs Beginner,Beginner,19,14
1,Beginner vs Beginner,Beginner,16,15
4,Beginner vs Beginner,Beginner,10,6
1,Beginner vs Beginner,Beginner,11,10
4,Beginner vs Beginner,Beginner,14,10
0,Beginner vs Beginner,No one,18,18
3,Beginner vs Beginner,Beginner,15,12
1,Beginner vs Beginner,Beginner,10,9
3,Beginner vs Beginner,Beginner,14,11
7,Beginner vs Beginner,Beginner,13,6
1,Beginner vs Beginner,Beginner,13,12
1,Beginner vs Beginner,Beginner,10,9
10,Beginner vs Beginner,Beginner,11,1
7,Beginner vs Beginner,Beginner,19,12
3,Beginner vs Beginner,Beginner,8,5
7,Beginner vs Beginner,Beginner,17,10
5,Beginner vs Beginner,Beginner,11,6
1,Beginner vs Beginner,Beginner,8,7
6,Beginner vs Beginner,Beginner,10,4
2,Beginner vs Beginner,Beginner,18,16
1,Beginner vs Beginner,Beginner,11,10
1,Beginner vs Beginner,Beginner,11,10
5,Beginner vs Beginner,Beginner,11,6
4,Beginner vs Beginner,Beginner,13,9
0,Beginner vs Beginner,No one,12,12
0,Beginner vs Beginner,No one,4,4
7,Beginner vs Beginner,Beginner,19,12
6,Beginner vs Beginner,Beginner,14,8
2,Beginner vs Beginner,Beginner,8,6
5,Beginner vs Beginner,Beginner,10,5
2,Beginner vs Beginner,Beginner,12,10
0,Beginner vs Beginner,No one,14,14
0,Beginner vs Beginner,No one,10,10
2,Beginner vs Beginner,Beginner,8,6
10,Beginner vs Beginner,Beginner,14,4
2,Beginner vs Beginner,Beginner,10,8
1,Beginner vs Beginner,Beginner,4,3
11,Beginner vs Beginner,Beginner,27,16
0,Beginner vs Beginner,No one,11,11
4,Beginner vs Beginner,Beginner,9,5
10,Beginner vs Beginner,Beginner,24,14
6,Beginner vs Beginner,Beginner,20,14
9,Beginner vs Beginner,Beginner,23,14
1,Beginner vs Beginner,Beginner,9,8
3,Beginner vs Beginner,Beginner,9,6
2,Beginner vs Beginner,Beginner,16,14
1,Beginner vs Beginner,Beginner,3,2
4,Beginner vs Beginner,Beginner,10,6
2,Beginner vs Beginner,Beginner,9,7
2,Beginner vs Beginner,Beginner,11,9
1,Beginner vs Beginner,Beginner,10,9
5,Beginner vs Beginner,Beginner,17,12
2,Beginner vs Beginner,Beginner,8,6
4,Beginner vs Beginner,Beginner,14,10
4,Beginner vs Beginner,Beginner,13,9
1,Beginner vs Beginner,Beginner,6,5
1,Beginner vs Beginner,Beginner,16,15
2,Beginner vs Beginner,Beginner,12,10
5,Beginner vs Beginner,Beginner,14,9
5,Beginner vs Beginner,Beginner,19,14
1,Beginner vs Beginner,Beginner,14,13
2,Beginner vs Beginner,Beginner,6,4
6,Beginner vs Beginner,Beginner,15,9
12,Beginner vs Beginner,Beginner,22,10
2,Beginner vs Beginner,Beginner,9,7
0,Beginner vs Beginner,No one,12,12
6,Beginner vs Beginner,Beginner,16,10
5,Beginner vs Beginner,Beginner,17,12
2,Beginner vs Beginner,Beginner,8,6
6,Beginner vs Beginner,Beginner,14,8
5,Beginner vs Beginner,Beginner,13,8
1,Beginner vs Beginner,Beginner,12,11
5,Beginner vs Beginner,Beginner,17,12
2,Beginner vs Beginner,Beginner,17,15
7,Beginner vs Beginner,Beginner,13,6
7,Beginner vs Beginner,Beginner,14,7
3,Beginner vs Beginner,Beginner,14,11
7,Beginner vs Beginner,Beginner,22,15
3,Beginner vs Beginner,Beginner,15,12
5,Beginner vs Beginner,Beginner,17,12
6,Beginner vs Beginner,Beginner,10,4
0,Beginner vs Beginner,No one,8,8
4,Beginner vs Beginner,Beginner,14,10
0,Beginner vs Beginner,No one,9,9
1,Beginner vs Beginner,Beginner,10,9
3,Beginner vs Beginner,Beginner,15,12
1,Beginner vs Beginner,Beginner,6,5
1,Beginner vs Beginner,Beginner,3,2
1,Beginner vs Beginner,Beginner,10,9
10,Beginner vs Beginner,Beginner,14,4
3,Beginner vs Beginner,Beginner,15,12
5,Beginner vs Beginner,Beginner,26,21
4,Beginner vs Beginner,Beginner,13,9
1,Beginner vs Beginner,Beginner,14,13
2,Beginner vs Beginner,Beginner,15,13
0,Beginner vs Beginner,No one,13,13
12,Beginner vs Beginner,Beginner,16,4
4,Beginner vs Beginner,Beginner,20,16
6,Beginner vs Beginner,Beginner,15,9
4,Beginner vs Beginner,Beginner,9,5
0,Beginner vs Beginner,No one,18,18
2,Beginner vs Beginner,Beginner,13,11
9,Beginner vs Beginner,Beginner,17,8
7,Beginner vs Beginner,Beginner,12,5
7,Beginner vs Beginner,Beginner,18,11
5,Beginner vs Beginner,Beginner,13,8
9,Beginner vs Beginner,Beginner,17,8
2,Beginner vs Beginner,Beginner,10,8
3,Beginner vs Beginner,Beginner,13,10
0,Beginner vs Beginner,No one,12,12
2,Beginner vs Beginner,Beginner,11,9
3,Beginner vs Beginner,Beginner,11,8
10,Beginner vs Beginner,Beginner,15,5
0,Beginner vs Beginner,No one,7,7
1,Beginner vs Beginner,Beginner,12,11
0,Beginner vs Beginner,No one,8,8
2,Beginner vs Beginner,Beginner,11,9
1,Beginner vs Beginner,Beginner,11,10
5,Beginner vs Beginner,Beginner,12,7
7,Beginner vs Beginner,Beginner,16,9
6,Beginner vs Beginner,Beginner,16,10
3,Beginner vs Beginner,Beginner,14,11
3,Beginner vs Beginner,Beginner,6,3
2,Beginner vs Beginner,Beginner,6,4
2,Beginner vs Beginner,Beginner,3,1
6,Beginner vs Beginner,Beginner,13,7
2,Beginner vs Beginner,Beginner,17,15
1,Beginner vs Beginner,Beginner,9,8
1,Beginner vs Beginner,Beginner,12,11
8,Beginner vs Beginner,Beginner,22,14
7,Beginner vs Beginner,Beginner,16,9
1,Beginner vs Beginner,Beginner,9,8
1,Beginner vs Beginner,Beginner,19,18
2,Beginner vs Beginner,Beginner,6,4
4,Beginner vs Beginner,Beginner,14,10
0,Beginner vs Beginner,No one,13,13
11,Beginner vs Beginner,Beginner,16,5
4,Beginner vs Beginner,Beginner,11,7
7,Beginner vs Beginner,Beginner,20,13
3,Beginner vs Beginner,Beginner,20,17
5,Beginner vs Beginner,Beginner,20,15
4,Beginner vs Beginner,Beginner,15,11
2,Beginner vs Beginner,Beginner,9,7
5,Beginner vs Beginner,Beginner,12,7
9,Beginner vs Beginner,Beginner,27,18
2,Beginner vs Beginner,Beginner,9,7
1,Beginner vs Beginner,Beginner,13,12
7,Beginner vs Beginner,Beginner,13,6
7,Beginner vs Beginner,Beginner,21,14
2,Beginner vs Beginner,Beginner,21,19
10,Beginner vs Beginner,Beginner,17,7
1,Beginner vs Beginner,Beginner,14,13
5,Beginner vs Beginner,Beginner,15,10
9,Beginner vs Beginner,Beginner,17,8
4,Beginner vs Beginner,Beginner,7,3
3,Beginner vs Beginner,Beginner,14,11
3,Beginner vs Beginner,Beginner,16,13
2,Beginner vs Beginner,Beginner,15,13
2,Beginner vs Beginner,Beginner,18,16
3,Beginner vs Beginner,Beginner,9,6
3,Beginner vs Beginner,Beginner,9,6
4,Beginner vs Beginner,Beginner,10,6
4,Beginner vs Beginner,Beginner,8,4
1,Beginner vs Beginner,Beginner,7,6
0,Beginner vs Beginner,No one,11,11
9,Beginner vs Beginner,Beginner,15,6
2,Beginner vs Beginner,Beginner,7,5
10,Beginner vs Beginner,Beginner,14,4
13,Beginner vs Beginner,Beginner,25,12
1,Beginner vs Beginner,Beginner,4,3
10,Beginner vs Beginner,Beginner,20,10
1,Beginner vs Beginner,Beginner,7,6
3,Beginner vs Beginner,Beginner,11,8
9,Beginner vs Beginner,Beginner,17,8
2,Beginner vs Beginner,Beginner,6,4
4,Beginner vs Beginner,Beginner,13,9
4,Beginner vs Beginner,Beginner,12,8
6,Beginner vs Beginner,Beginner,19,13
3,Beginner vs Beginner,Beginner,15,12
0,Beginner vs Beginner,No one,8,8
3,Beginner vs Beginner,Beginner,7,4
7,Beginner vs Beginner,Beginner,19,12
6,Beginner vs Beginner,Beginner,15,9
5,Beginner vs Beginner,Beginner,17,12
6,Beginner vs Beginner,Beginner,15,9
8,Beginner vs Beginner,Beginner,24,16
0,Beginner vs Beginner,No one,7,7
0,Beginner vs Beginner,No one,7,7
2,Beginner vs Beginner,Beginner,9,7
2,Beginner vs Beginner,Beginner,7,5
6,Beginner vs Beginner,Beginner,11,5
6,Beginner vs Beginner,Beginner,17,11
2,Beginner vs Beginner,Beginner,13,11
5,Beginner vs Beginner,Beginner,16,11
0,Beginner vs Beginner,No one,9,9
4,Beginner vs Beginner,Beginner,9,5
5,Beginner vs Beginner,Beginner,10,5
6,Beginner vs Beginner,Beginner,16,10
2,Beginner vs Beginner,Beginner,9,7
5,Beginner vs Beginner,Beginner,11,6
1,Beginner vs Beginner,Beginner,7,6
5,Beginner vs Beginner,Beginner,17,12
6,Beginner vs Beginner,Beginner,13,7
9,Beginner vs Beginner,Beginner,16,7
3,Beginner vs Beginner,Beginner,18,15
4,Beginner vs Beginner,Beginner,10,6
3,Beginner vs Beginner,Beginner,14,11
17,Beginner vs Beginner,Beginner,23,6
4,Beginner vs Beginner,Beginner,9,5
8,Beginner vs Beginner,Beginner,23,15
0,Beginner vs Beginner,No one,13,13
14,Beginner vs Beginner,Beginner,24,10
0,Beginner vs Beginner,No one,13,13
2,Beginner vs Beginner,Beginner,9,7
3,Beginner vs Beginner,Beginner,15,12
3,Beginner vs Beginner,Beginner,13,10
3,Beginner vs Beginner,Beginner,9,6
0,Beginner vs Beginner,No one,7,7
7,Beginner vs Beginner,Beginner,13,6
2,Beginner vs Beginner,Beginner,12,10
1,Beginner vs Beginner,Beginner,10,9
2,Beginner vs Beginner,Beginner,7,5
2,Beginner vs Beginner,Beginner,13,11
9,Beginner vs Beginner,Beginner,18,9
6,Beginner vs Beginner,Beginner,9,3
2,Beginner vs Beginner,Beginner,13,11
2,Beginner vs Beginner,Beginner,12,10
3,Beginner vs Beginner,Beginner,8,5
2,Beginner vs Beginner,Beginner,17,15
5,Beginner vs Beginner,Beginner,8,3
0,Beginner vs Beginner,No one,19,19
2,Beginner vs Beginner,Beginner,12,10
2,Beginner vs Beginner,Beginner,8,6
0,Beginner vs Beginner,No one,16,16
3,Beginner vs Beginner,Beginner,12,9
2,Beginner vs Beginner,Beginner,15,13
1,Beginner vs Beginner,Beginner,9,8
10,Beginner vs Beginner,Beginner,18,8
5,Beginner vs Beginner,Beginner,11,6
4,Beginner vs Beginner,Beginner,11,7
7,Beginner vs Beginner,Beginner,14,7
0,Beginner vs Beginner,No one,10,10
9,Beginner vs Beginner,Beginner,15,6
8,Beginner vs Beginner,Beginner,17,9
6,Beginner vs Beginner,Beginner,17,11
2,Beginner vs Beginner,Beginner,11,9
7,Beginner vs Beginner,Beginner,17,10
5,Beginner vs Beginner,Beginner,11,6
1,Beginner vs Beginner,Beginner,12,11
5,Beginner vs Beginner,Beginner,19,14
8,Beginner vs Beginner,Beginner,21,13
10,Beginner vs Beginner,Beginner,13,3
1,Beginner vs Beginner,Beginner,13,12
3,Beginner vs Beginner,Beginner,9,6
1,Beginner vs Beginner,Beginner,8,7
2,Beginner vs Beginner,Beginner,10,8
0,Beginner vs Beginner,No one,12,12
4,Beginner vs Beginner,Beginner,14,10
5,Beginner vs Beginner,Beginner,15,10
5,Beginner vs Beginner,Beginner,16,11
5,Beginner vs Beginner,Beginner,15,10
2,Beginner vs Beginner,Beginner,16,14
0,Beginner vs Beginner,No one,11,11
2,Beginner vs Beginner,Beginner,14,12
3,Beginner vs Beginner,Beginner,14,11
2,Beginner vs Beginner,Beginner,9,7
5,Beginner vs Beginner,Beginner,14,9
5,Beginner vs Beginner,Beginner,20,15
4,Beginner vs Beginner,Beginner,10,6
1,Beginner vs Beginner,Beginner,13,12
4,Beginner vs Beginner,Beginner,10,6
2,Beginner vs Beginner,Beginner,10,8
6,Beginner vs Beginner,Beginner,16,10
7,Beginner vs Beginner,Beginner,18,11
7,Beginner vs Beginner,Beginner,13,6
2,Beginner vs Beginner,Beginner,8,6
1,Beginner vs Beginner,Beginner,13,12
4,Beginner vs Beginner,Beginner,16,12
4,Beginner vs Beginner,Beginner,11,7
5,Beginner vs Beginner,Beginner,14,9
5,Beginner vs Beginner,Beginner,12,7
8,Beginner vs Beginner,Beginner,22,14
10,Beginner vs Beginner,Beginner,17,7
8,Beginner vs Beginner,Beginner,17,9
3,Beginner vs Beginner,Beginner,13,10
6,Beginner vs Beginner,Beginner,10,4
6,Beginner vs Beginner,Beginner,17,11
3,Beginner vs Beginner,Beginner,11,8
2,Beginner vs Beginner,Beginner,13,11
7,Beginner vs Beginner,Beginner,18,11
6,Beginner vs Beginner,Beginner,13,7
2,Beginner vs Beginner,Beginner,14,12
1,Beginner vs Beginner,Beginner,14,13
1,Beginner vs Beginner,Beginner,16,15
5,Beginner vs Beginner,Beginner,17,12
4,Beginner vs Beginner,Beginner,13,9
3,Beginner vs Beginner,Beginner,15,12
7,Beginner vs Beginner,Beginner,14,7
2,Beginner vs Beginner,Beginner,14,12
5,Beginner vs Beginner,Beginner,13,8
17,Beginner vs Beginner,Beginner,24,7
5,Beginner vs Beginner,Beginner,13,8
7,Beginner vs Beginner,Beginner,23,16
3,Beginner vs Beginner,Beginner,14,11
4,Beginner vs Beginner,Beginner,12,8
10,Beginner vs Beginner,Beginner,20,10
2,Beginner vs Beginner,Beginner,13,11
1,Beginner vs Beginner,Beginner,12,11
2,Beginner vs Beginner,Beginner,13,11
0,Beginner vs Beginner,No one,9,9
6,Beginner vs Beginner,Beginner,12,6
1,Beginner vs Beginner,Beginner,10,9
8,Beginner vs Beginner,Beginner,19,11
1,Beginner vs Beginner,Beginner,11,10
1,Beginner vs Beginner,Beginner,13,12
6,Beginner vs Beginner,Beginner,17,11
1,Beginner vs Beginner,Beginner,8,7
6,Beginner vs Beginner,Beginner,9,3
2,Beginner vs Beginner,Beginner,10,8
1,Beginner vs Beginner,Beginner,8,7
0,Beginner vs Beginner,No one,10,10
7,Beginner vs Beginner,Beginner,12,5
5,Beginner vs Beginner,Beginner,9,4
2,Beginner vs Beginner,Beginner,17,15
5,Beginner vs Beginner,Beginner,12,7
6,Beginner vs Beginner,Beginner,14,8
3,Beginner vs Beginner,Beginner,12,9
8,Beginner vs Beginner,Beginner,10,2
7,Beginner vs Beginner,Beginner,16,9
5,Beginner vs Beginner,Beginner,12,7
2,Beginner vs Beginner,Beginner,6,4
2,Beginner vs Beginner,Beginner,12,10
8,Beginner vs Beginner,Beginner,20,12
1,Beginner vs Beginner,Beginner,11,10
7,Beginner vs Beginner,Beginner,15,8
5,Beginner vs Beginner,Beginner,8,3
7,Beginner vs Beginner,Beginner,14,7
11,Beginner vs Beginner,Beginner,17,6
0,Beginner vs Beginner,No one,4,4
5,Beginner vs Beginner,Beginner,15,10
0,Beginner vs Beginner,No one,17,17
10,Beginner vs Beginner,Beginner,16,6
3,Beginner vs Beginner,Beginner,15,12
2,Beginner vs Beginner,Beginner,13,11
3,Beginner vs Beginner,Beginner,19,16
6,Beginner vs Beginner,Beginner,18,12
2,Beginner vs Beginner,Beginner,14,12
2,Beginner vs Beginner,Beginner,15,13
2,Beginner vs Beginner,Beginner,9,7
4,Beginner vs Beginner,Beginner,5,1
0,Beginner vs Beginner,No one,7,7
1,Beginner vs Beginner,Beginner,19,18
8,Beginner vs Beginner,Beginner,14,6
7,Beginner vs Beginner,Beginner,14,7
5,Beginner vs Beginner,Beginner,20,15
9,Beginner vs Beginner,Beginner,16,7
3,Beginner vs Beginner,Beginner,20,17
12,Beginner vs Beginner,Beginner,22,10
8,Beginner vs Beginner,Beginner,15,7
0,Beginner vs Beginner,No one,11,11
0,Beginner vs Beginner,No one,12,12
10,Beginner vs Beginner,Beginner,19,9
4,Beginner vs Beginner,Beginner,6,2
4,Beginner vs Beginner,Beginner,10,6
4,Beginner vs Beginner,Beginner,19,15
2,Beginner vs Beginner,Beginner,13,11
0,Beginner vs Beginner,No one,4,4
2,Beginner vs Beginner,Beginner,13,11
1,Beginner vs Beginner,Beginner,8,7
3,Beginner vs Beginner,Beginner,12,9
12,Beginner vs Beginner,Beginner,22,10
4,Beginner vs Beginner,Beginner,12,8
3,Beginner vs Beginner,Beginner,14,11
1,Beginner vs Beginner,Beginner,10,9
3,Beginner vs Beginner,Beginner,8,5
2,Beginner vs Beginner,Beginner,19,17
6,Beginner vs Beginner,Beginner,12,6
2,Beginner vs Beginner,Beginner,16,14
6,Beginner vs Beginner,Beginner,19,13
7,Beginner vs Beginner,Beginner,19,12
5,Beginner vs Beginner,Beginner,18,13
3,Beginner vs Beginner,Beginner,13,10
9,Beginner vs Beginner,Beginner,23,14
0,Beginner vs Beginner,No one,9,9
3,Beginner vs Beginner,Beginner,13,10
2,Beginner vs Beginner,Beginner,11,9
0,Beginner vs Beginner,No one,11,11
0,Beginner vs Beginner,No one,7,7
1,Beginner vs Beginner,Beginner,9,8
6,Beginner vs Beginner,Beginner,8,2
3,Beginner vs Beginner,Beginner,11,8
3,Beginner vs Beginner,Beginner,26,23
4,Beginner vs Beginner,Beginner,22,18
2,Beginner vs Beginner,Beginner,10,8
4,Beginner vs Beginner,Beginner,19,15
2,Beginner vs Beginner,Beginner,12,10
0,Beginner vs Beginner,No one,11,11
0,Beginner vs Beginner,No one,9,9
4,Beginner vs Beginner,Beginner,8,4
1,Beginner vs Beginner,Beginner,5,4
8,Beginner vs Beginner,Beginner,19,11
6,Beginner vs Beginner,Beginner,20,14
5,Beginner vs Beginner,Beginner,17,12
1,Beginner vs Beginner,Beginner,13,12
4,Beginner vs Beginner,Beginner,9,5
5,Beginner vs Beginner,Beginner,12,7
3,Beginner vs Beginner,Beginner,11,8
4,Beginner vs Beginner,Beginner,9,5
3,Beginner vs Beginner,Beginner,15,12
1,Beginner vs Beginner,Beginner,6,5
1,Beginner vs Beginner,Beginner,9,8
5,Beginner vs Beginner,Beginner,12,7
1,Beginner vs Beginner,Beginner,13,12
1,Beginner vs Beginner,Beginner,12,11
4,Beginner vs Beginner,Beginner,13,9
1,Beginner vs Beginner,Beginner,13,12
2,Beginner vs Beginner,Beginner,16,14
0,Beginner vs Beginner,No one,9,9
5,Beginner vs Beginner,Beginner,14,9
4,Beginner vs Beginner,Beginner,10,6
6,Beginner vs Beginner,Beginner,15,9
1,Beginner vs Beginner,Beginner,13,12
10,Beginner vs Beginner,Beginner,16,6
1,Beginner vs Beginner,Beginner,13,12
1,Beginner vs Beginner,Beginner,6,5
2,Beginner vs Beginner,Beginner,16,14
12,Beginner vs Beginner,Beginner,19,7
1,Beginner vs Beginner,Beginner,11,10
11,Beginner vs Beginner,Beginner,16,5
7,Beginner vs Beginner,Beginner,17,10
9,Beginner vs Beginner,Beginner,20,11
6,Beginner vs Beginner,Beginner,11,5
8,Beginner vs Beginner,Beginner,12,4
1,Beginner vs Beginner,Beginner,13,12
0,Beginner vs Beginner,No one,7,7
12,Beginner vs Beginner,Beginner,16,4
2,Beginner vs Beginner,Beginner,12,10
4,Beginner vs Beginner,Beginner,6,2
1,Beginner vs Beginner,Beginner,14,13
1,Beginner vs Beginner,Beginner,10,9
1,Beginner vs Beginner,Beginner,6,5
0,Beginner vs Beginner,No one,13,13
1,Beginner vs Beginner,Beginner,7,6
3,Beginner vs Beginner,Beginner,8,5
3,Beginner vs Beginner,Beginner,13,10
1,Beginner vs Beginner,Beginner,8,7
1,Beginner vs Beginner,Beginner,4,3
2,Beginner vs Beginner,Beginner,7,5
3,Beginner vs Beginner,Beginner,14,11
2,Beginner vs Beginner,Beginner,12,10
2,Beginner vs Beginner,Beginner,15,13
6,Beginner vs Beginner,Beginner,11,5
7,Beginner vs Beginner,Beginner,17,10
7,Beginner vs Beginner,Beginner,19,12
8,Beginner vs Beginner,Beginner,14,6
2,Beginner vs Beginner,Beginner,5,3
3,Beginner vs Beginner,Beginner,11,8
2,Beginner vs Beginner,Beginner,8,6
0,Beginner vs Beginner,No one,13,13
1,Beginner vs Beginner,Beginner,15,14
3,Beginner vs Beginner,Beginner,8,5
1,Beginner vs Beginner,Beginner,10,9
3,Beginner vs Beginner,Beginner,18,15
5,Beginner vs Beginner,Beginner,21,16
2,Beginner vs Beginner,Beginner,8,6
3,Beginner vs Beginner,Beginner,14,11
2,Beginner vs Beginner,Beginner,11,9
7,Beginner vs Beginner,Beginner,16,9
3,Beginner vs Beginner,Beginner,18,15
8,Beginner vs Beginner,Beginner,19,11
1,Beginner vs Beginner,Beginner,11,10
4,Beginner vs Beginner,Beginner,13,9
4,Beginner vs Beginner,Beginner,11,7
5,Beginner vs Beginner,Beginner,8,3
6,Beginner vs Beginner,Beginner,17,11
4,Beginner vs Beginner,Beginner,10,6
2,Beginner vs Beginner,Beginner,9,7
1,Beginner vs Beginner,Beginner,9,8
2,Beginner vs Beginner,Beginner,7,5
6,Beginner vs Beginner,Beginner,19,13
4,Beginner vs Beginner,Beginner,13,9
0,Beginner vs Beginner,No one,9,9
1,Beginner vs Beginner,Beginner,12,11
2,Beginner vs Beginner,Beginner,15,13
1,Beginner vs Beginner,Beginner,17,16
3,Beginner vs Beginner,Beginner,10,7
2,Beginner vs Beginner,Beginner,11,9
6,Beginner vs Beginner,Beginner,12,6
6,Beginner vs Beginner,Beginner,8,2
1,Beginner vs Beginner,Beginner,10,9
7,Beginner vs Beginner,Beginner,13,6
2,Beginner vs Beginner,Beginner,8,6
5,Beginner vs Beginner,Beginner,9,4
1,Beginner vs Beginner,Beginner,14,13
1,Beginner vs Beginner,Beginner,11,10
2,Beginner vs Beginner,Beginner,8,6
0,Beginner vs Beginner,No one,6,6
10,Beginner vs Beginner,Beginner,20,10
9,Beginner vs Beginner,Beginner,18,9
2,Beginner vs Beginner,Beginner,13,11
7,Beginner vs Beginner,Beginner,16,9
8,Beginner vs Beginner,Beginner,16,8
11,Beginner vs Beginner,Beginner,17,6
0,Beginner vs Beginner,No one,16,16
2,Beginner vs Beginner,Beginner,12,10
2,Beginner vs Beginner,Beginner,16,14
1,Beginner vs Beginner,Beginner,8,7
3,Beginner vs Beginner,Beginner,10,7
3,Beginner vs Beginner,Beginner,13,10
8,Beginner vs Beginner,Beginner,9,1
2,Beginner vs Beginner,Beginner,6,4
0,Beginner vs Beginner,No one,11,11
2,Beginner vs Beginner,Beginner,6,4
3,Beginner vs Beginner,Beginner,11,8
2,Beginner vs Beginner,Beginner,17,15
3,Beginner vs Beginner,Beginner,14,11
6,Beginner vs Beginner,Beginner,10,4
3,Beginner vs Beginner,Beginner,8,5
2,Beginner vs Beginner,Beginner,7,5
6,Beginner vs Beginner,Beginner,6,0
1,Beginner vs Beginner,Beginner,11,10
2,Beginner vs Beginner,Beginner,7,5
0,Beginner vs Beginner,No one,12,12
2,Beginner vs Beginner,Beginner,16,14
4,Beginner vs Beginner,Beginner,16,12
14,Beginner vs Beginner,Beginner,23,9
5,Beginner vs Beginner,Beginner,17,12
0,Beginner vs Beginner,No one,5,5
0,Beginner vs Beginner,No one,8,8
9,Beginner vs Beginner,Beginner,19,10
1,Beginner vs Beginner,Beginner,10,9
2,Beginner vs Beginner,Beginner,9,7
1,Beginner vs Beginner,Beginner,8,7
4,Beginner vs Beginner,Beginner,12,8
1,Beginner vs Beginner,Beginner,6,5
0,Beginner vs Beginner,No one,8,8
3,Beginner vs Beginner,Beginner,10,7
13,Beginner vs Beginner,Beginner,21,8
1,Beginner vs Beginner,Beginner,10,9
9,Beginner vs Beginner,Beginner,14,5
7,Beginner vs Beginner,Beginner,16,9
4,Beginner vs Beginner,Beginner,10,6
4,Beginner vs Beginner,Beginner,11,7
5,Beginner vs Beginner,Beginner,12,7
3,Beginner vs Beginner,Beginner,9,6
1,Beginner vs Beginner,Beginner,20,19
3,Beginner vs Beginner,Beginner,8,5
0,Beginner vs Beginner,No one,11,11
0,Beginner vs Beginner,No one,6,6
2,Beginner vs Beginner,Beginner,11,9
1,Beginner vs Beginner,Beginner,6,5
2,Beginner vs Beginner,Beginner,6,4
10,Beginner vs Beginner,Beginner,26,16
1,Beginner vs Beginner,Beginner,15,14
7,Beginner vs Beginner,Beginner,18,11
2,Beginner vs Beginner,Beginner,18,16
8,Beginner vs Beginner,Beginner,23,15
3,Beginner vs Beginner,Beginner,8,5
0,Beginner vs Beginner,No one,9,9
7,Beginner vs Beginner,Beginner,16,9
0,Beginner vs Beginner,No one,13,13
10,Beginner vs Beginner,Beginner,24,14
6,Beginner vs Beginner,Beginner,14,8
4,Beginner vs Beginner,Beginner,9,5
3,Beginner vs Beginner,Beginner,24,21
9,Beginner vs Beginner,Beginner,15,6
3,Beginner vs Beginner,Beginner,19,16
1,Beginner vs Beginner,Beginner,5,4
7,Beginner vs Beginner,Beginner,16,9
5,Beginner vs Beginner,Beginner,19,14
1,Beginner vs Beginner,Beginner,14,13
13,Beginner vs Beginner,Beginner,17,4
7,Beginner vs Beginner,Beginner,14,7
7,Beginner vs Beginner,Beginner,12,5
9,Beginner vs Beginner,Beginner,16,7
0,Beginner vs Beginner,No one,6,6
1,Beginner vs Beginner,Beginner,9,8
1,Beginner vs Beginner,Beginner,12,11
1,Beginner vs Beginner,Beginner,8,7
7,Beginner vs Beginner,Beginner,15,8
3,Beginner vs Beginner,Beginner,12,9
2,Beginner vs Beginner,Beginner,8,6
6,Beginner vs Beginner,Beginner,20,14
8,Beginner vs Beginner,Beginner,20,12
3,Beginner vs Beginner,Beginner,8,5
6,Beginner vs Beginner,Beginner,11,5
2,Beginner vs Beginner,Beginner,11,9
5,Beginner vs Beginner,Beginner,11,6
3,Beginner vs Beginner,Beginner,19,16
0,Beginner vs Beginner,No one,7,7
1,Beginner vs Beginner,Beginner,7,6
5,Beginner vs Beginner,Beginner,14,9
2,Beginner vs Beginner,Beginner,12,10
2,Beginner vs Beginner,Beginner,12,10
1,Beginner vs Beginner,Beginner,12,11
0,Beginner vs Beginner,No one,25,25
0,Beginner vs Beginner,No one,12,12
4,Beginner vs Beginner,Beginner,16,12
2,Beginner vs Beginner,Beginner,15,13
4,Beginner vs Beginner,Beginner,7,3
4,Beginner vs Beginner,Beginner,9,5
0,Beginner vs Beginner,No one,10,10
2,Beginner vs Beginner,Beginner,9,7
7,Beginner vs Beginner,Beginner,20,13
16,Beginner vs Beginner,Beginner,23,7
2,Beginner vs Beginner,Beginner,10,8
8,Beginner vs Beginner,Beginner,15,7
2,Beginner vs Beginner,Beginner,10,8
2,Beginner vs Beginner,Beginner,14,12
2,Beginner vs Beginner,Beginner,14,12
1,Beginner vs Beginner,Beginner,22,21
2,Beginner vs Beginner,Beginner,11,9
2,Beginner vs Beginner,Beginner,7,5
2,Beginner vs Beginner,Beginner,12,10
5,Beginner vs Beginner,Beginner,12,7
7,Beginner vs Beginner,Beginner,19,12
0,Beginner vs Beginner,No one,12,12
7,Beginner vs Beginner,Beginner,21,14
2,Beginner vs Beginner,Beginner,7,5
11,Beginner vs Beginner,Beginner,12,1
6,Beginner vs Beginner,Beginner,10,4
3,Beginner vs Beginner,Beginner,17,14
2,Beginner vs Beginner,Beginner,12,10
13,Beginner vs Beginner,Beginner,20,7
10,Beginner vs Beginner,Beginner,23,13
3,Beginner vs Beginner,Beginner,21,18
5,Beginner vs Beginner,Beginner,16,11
5,Beginner vs Beginner,Beginner,20,15
0,Beginner vs Beginner,No one,4,4
12,Beginner vs Beginner,Beginner,19,7
4,Beginner vs Beginner,Beginner,18,14
0,Beginner vs Beginner,No one,12,12
4,Beginner vs Beginner,Beginner,15,11
5,Beginner vs Beginner,Beginner,12,7
0,Beginner vs Beginner,No one,10,10
7,Beginner vs Beginner,Beginner,19,12
11,Beginner vs Beginner,Beginner,18,7
4,Beginner vs Beginner,Beginner,14,10
4,Beginner vs Beginner,Beginner,9,5
0,Beginner vs Beginner,No one,13,13
2,Beginner vs Beginner,Beginner,21,19
3,Beginner vs Beginner,Beginner,8,5
3,Beginner vs Beginner,Beginner,6,3
1,Beginner vs Beginner,Beginner,9,8
2,Beginner vs Beginner,Beginner,24,22
3,Beginner vs Beginner,Beginner,6,3
0,Beginner vs Beginner,No one,6,6
7,Beginner vs Beginner,Beginner,20,13
2,Beginner vs Beginner,Beginner,14,12
0,Beginner vs Beginner,No one,4,4
8,Beginner vs Beginner,Beginner,23,15
5,Beginner vs Beginner,Beginner,11,6
3,Beginner vs Beginner,Beginner,16,13
2,Beginner vs Beginner,Beginner,7,5
1,Beginner vs Beginner,Beginner,15,14
14,Beginner vs Beginner,Beginner,23,9
2,Beginner vs Beginner,Beginner,9,7
2,Beginner vs Beginner,Beginner,11,9
2,Beginner vs Beginner,Beginner,12,10
6,Beginner vs Beginner,Beginner,16,10
8,Beginner vs Beginner,Beginner,13,5
3,Beginner vs Beginner,Beginner,11,8
2,Beginner vs Beginner,Beginner,8,6
2,Beginner vs Beginner,Beginner,15,13
2,Beginner vs Beginner,Beginner,9,7
7,Beginner vs Beginner,Beginner,20,13
3,Beginner vs Beginner,Beginner,15,12
5,Beginner vs Beginner,Beginner,10,5
9,Beginner vs Beginner,Beginner,22,13
1,Beginner vs Beginner,Beginner,12,11
4,Beginner vs Beginner,Beginner,14,10
1,Beginner vs Beginner,Beginner,20,19
2,Beginner vs Beginner,Beginner,10,8
4,Beginner vs Beginner,Beginner,16,12
4,Beginner vs Beginner,Beginner,14,10
7,Beginner vs Beginner,Beginner,14,7
3,Beginner vs Beginner,Beginner,7,4
2,Beginner vs Beginner,Beginner,6,4
3,Beginner vs Beginner,Beginner,11,8
5,Beginner vs Beginner,Beginner,7,2
2,Beginner vs Beginner,Beginner,9,7
9,Beginner vs Beginner,Beginner,21,12
3,Beginner vs Beginner,Beginner,15,12
6,Beginner vs Beginner,Beginner,12,6
8,Beginner vs Beginner,Beginner,21,13
4,Beginner vs Beginner,Beginner,14,10
2,Beginner vs Beginner,Beginner,11,9
0,Beginner vs Beginner,No one,18,18
3,Beginner vs Beginner,Beginner,12,9
1,Beginner vs Beginner,Beginner,6,5
3,Beginner vs Beginner,Beginner,13,10
5,Beginner vs Beginner,Beginner,11,6
4,Beginner vs Beginner,Beginner,9,5
4,Beginner vs Beginner,Beginner,13,9
7,Beginner vs Beginner,Beginner,19,12
2,Beginner vs Beginner,Beginner,12,10
3,Beginner vs Beginner,Beginner,16,13
4,Beginner vs Beginner,Beginner,18,14
2,Beginner vs Beginner,Beginner,13,11
2,Beginner vs Beginner,Beginner,11,9
2,Beginner vs Beginner,Beginner,20,18
1,Beginner vs Beginner,Beginner,11,10
4,Beginner vs Beginner,Beginner,11,7
3,Beginner vs Beginner,Beginner,9,6
9,Beginner vs Beginner,Beginner,17,8
9,Beginner vs Beginner,Beginner,16,7
13,Beginner vs Beginner,Beginner,17,4
3,Beginner vs Beginner,Beginner,19,16
8,Beginner vs Beginner,Beginner,18,10
7,Beginner vs Beginner,Beginner,28,21
2,Beginner vs Beginner,Beginner,12,10
10,Beginner vs Beginner,Beginner,19,9
1,Beginner vs Beginner,Beginner,11,10
4,Beginner vs Beginner,Beginner,19,15
11,Beginner vs Beginner,Beginner,17,6
1,Beginner vs Beginner,Beginner,7,6
8,Beginner vs Beginner,Beginner,16,8
1,Beginner vs Beginner,Beginner,11,10
2,Beginner vs Beginner,Beginner,11,9
0,Beginner vs Beginner,No one,10,10
5,Beginner vs Beginner,Beginner,16,11
1,Beginner vs Beginner,Beginner,18,17
1,Beginner vs Beginner,Beginner,13,12
1,Beginner vs Beginner,Beginner,15,14
3,Beginner vs Beginner,Beginner,13,10
2,Beginner vs Beginner,Beginner,7,5
7,Beginner vs Beginner,Beginner,27,20
3,Beginner vs Beginner,Beginner,13,10
5,Beginner vs Beginner,Beginner,9,4
4,Beginner vs Beginner,Beginner,16,12
3,Beginner vs Beginner,Beginner,10,7
2,Beginner vs Beginner,Beginner,12,10
5,Beginner vs Beginner,Beginner,14,9
8,Beginner vs Beginner,Beginner,12,4
2,Beginner vs Beginner,Beginner,10,8
6,Beginner vs Beginner,Beginner,16,10
3,Beginner vs Beginner,Beginner,9,6
1,Beginner vs Beginner,Beginner,14,13
1,Beginner vs Beginner,Beginner,14,13
0,Beginner vs Beginner,No one,6,6
3,Beginner vs Beginner,Beginner,12,9
0,Beginner vs Beginner,No one,4,4
4,Beginner vs Beginner,Beginner,11,7
8,Beginner vs Beginner,Beginner,12,4
2,Beginner vs Beginner,Beginner,16,14
3,Beginner vs Beginner,Beginner,12,9
10,Beginner vs Intermediate,Intermediate,20,10
12,Beginner vs Intermediate,Intermediate,21,9
0,Beginner vs Intermediate,No one,4,4
5,Beginner vs Intermediate,Intermediate,18,13
6,Beginner vs Intermediate,Intermediate,15,9
5,Beginner vs Intermediate,Intermediate,11,6
8,Beginner vs Intermediate,Intermediate,17,9
4,Beginner vs Intermediate,Intermediate,9,5
7,Beginner vs Intermediate,Intermediate,19,12
16,Beginner vs Intermediate,Intermediate,29,13
9,Beginner vs Intermediate,Intermediate,23,14
16,Beginner vs Intermediate,Intermediate,33,17
3,Beginner vs Intermediate,Intermediate,17,14
7,Beginner vs Intermediate,Intermediate,15,8
5,Beginner vs Intermediate,Intermediate,18,13
15,Beginner vs Intermediate,Intermediate,37,22
8,Beginner vs Intermediate,Intermediate,17,9
7,Beginner vs Intermediate,Intermediate,18,11
7,Beginner vs Intermediate,Intermediate,18,11
12,Beginner vs Intermediate,Intermediate,19,7
5,Beginner vs Intermediate,Intermediate,13,8
10,Beginner vs Intermediate,Intermediate,21,11
9,Beginner vs Intermediate,Intermediate,17,8
12,Beginner vs Intermediate,Intermediate,22,10
9,Beginner vs Intermediate,Intermediate,18,9
13,Beginner vs Intermediate,Intermediate,28,15
8,Beginner vs Intermediate,Intermediate,12,4
12,Beginner vs Intermediate,Intermediate,25,13
12,Beginner vs Intermediate,Intermediate,22,10
3,Beginner vs Intermediate,Intermediate,11,8
8,Beginner vs Intermediate,Intermediate,21,13
5,Beginner vs Intermediate,Intermediate,16,11
1,Beginner vs Intermediate,Intermediate,9,8
12,Beginner vs Intermediate,Intermediate,20,8
10,Beginner vs Intermediate,Intermediate,24,14
9,Beginner vs Intermediate,Intermediate,20,11
7,Beginner vs Intermediate,Intermediate,17,10
17,Beginner vs Intermediate,Intermediate,27,10
10,Beginner vs Intermediate,Intermediate,21,11
6,Beginner vs Intermediate,Intermediate,14,8
11,Beginner vs Intermediate,Intermediate,25,14
11,Beginner vs Intermediate,Intermediate,22,11
11,Beginner vs Intermediate,Intermediate,17,6
14,Beginner vs Intermediate,Intermediate,24,10
11,Beginner vs Intermediate,Intermediate,22,11
11,Beginner vs Intermediate,Intermediate,17,6
18,Beginner vs Intermediate,Intermediate,31,13
9,Beginner vs Intermediate,Intermediate,21,12
16,Beginner vs Intermediate,Intermediate,32,16
8,Beginner vs Intermediate,Intermediate,22,14
5,Beginner vs Intermediate,Intermediate,16,11
4,Beginner vs Intermediate,Intermediate,9,5
7,Beginner vs Intermediate,Intermediate,19,12
3,Beginner vs Intermediate,Intermediate,20,17
7,Beginner vs Intermediate,Intermediate,15,8
8,Beginner vs Intermediate,Intermediate,14,6
8,Beginner vs Intermediate,Intermediate,24,16
24,Beginner vs Intermediate,Intermediate,35,11
17,Beginner vs Intermediate,Intermediate,28,11
5,Beginner vs Intermediate,Intermediate,18,13
17,Beginner vs Intermediate,Intermediate,28,11
9,Beginner vs Intermediate,Intermediate,26,17
14,Beginner vs Intermediate,Intermediate,29,15
5,Beginner vs Intermediate,Intermediate,18,13
5,Beginner vs Intermediate,Intermediate,16,11
3,Beginner vs Intermediate,Intermediate,12,9
4,Beginner vs Intermediate,Intermediate,10,6
11,Beginner vs Intermediate,Intermediate,18,7
18,Beginner vs Intermediate,Intermediate,27,9
5,Beginner vs Intermediate,Intermediate,10,5
7,Beginner vs Intermediate,Intermediate,13,6
5,Beginner vs Intermediate,Intermediate,17,12
9,Beginner vs Intermediate,Intermediate,23,14
14,Beginner vs Intermediate,Intermediate,20,6
7,Beginner vs Intermediate,Intermediate,22,15
2,Beginner vs Intermediate,Intermediate,14,12
10,Beginner vs Intermediate,Intermediate,27,17
15,Beginner vs Intermediate,Intermediate,30,15
17,Beginner vs Intermediate,Intermediate,26,9
14,Beginner vs Intermediate,Intermediate,25,11
9,Beginner vs Intermediate,Intermediate,18,9
6,Beginner vs Intermediate,Intermediate,13,7
8,Beginner vs Intermediate,Intermediate,20,12
4,Beginner vs Intermediate,Intermediate,13,9
9,Beginner vs Intermediate,Intermediate,22,13
2,Beginner vs Intermediate,Intermediate,10,8
3,Beginner vs Intermediate,Intermediate,16,13
4,Beginner vs Intermediate,Intermediate,14,10
9,Beginner vs Intermediate,Intermediate,20,11
8,Beginner vs Intermediate,Intermediate,15,7
10,Beginner vs Intermediate,Intermediate,26,16
6,Beginner vs Intermediate,Intermediate,13,7
9,Beginner vs Intermediate,Intermediate,18,9
11,Beginner vs Intermediate,Intermediate,22,11
0,Beginner vs Intermediate,No one,7,7
7,Beginner vs Intermediate,Intermediate,16,9
13,Beginner vs Intermediate,Intermediate,31,18
7,Beginner vs Intermediate,Intermediate,12,5
8,Beginner vs Intermediate,Intermediate,11,3
14,Beginner vs Intermediate,Intermediate,28,14
9,Beginner vs Intermediate,Intermediate,19,10
6,Beginner vs Intermediate,Intermediate,19,13
12,Beginner vs Intermediate,Intermediate,27,15
13,Beginner vs Intermediate,Intermediate,25,12
5,Beginner vs Intermediate,Intermediate,15,10
9,Beginner vs Intermediate,Intermediate,15,6
15,Beginner vs Intermediate,Intermediate,27,12
14,Beginner vs Intermediate,Intermediate,27,13
6,Beginner vs Intermediate,Intermediate,14,8
8,Beginner vs Intermediate,Intermediate,18,10
5,Beginner vs Intermediate,Intermediate,8,3
7,Beginner vs Intermediate,Intermediate,21,14
8,Beginner vs Intermediate,Intermediate,18,10
5,Beginner vs Intermediate,Intermediate,8,3
2,Beginner vs Intermediate,Intermediate,17,15
5,Beginner vs Intermediate,Intermediate,13,8
3,Beginner vs Intermediate,Intermediate,11,8
14,Beginner vs Intermediate,Intermediate,22,8
9,Beginner vs Intermediate,Intermediate,19,10
7,Beginner vs Intermediate,Intermediate,18,11
9,Beginner vs Intermediate,Intermediate,22,13
13,Beginner vs Intermediate,Intermediate,31,18
7,Beginner vs Intermediate,Intermediate,17,10
9,Beginner vs Intermediate,Intermediate,17,8
12,Beginner vs Intermediate,Intermediate,25,13
12,Beginner vs Intermediate,Intermediate,19,7
11,Beginner vs Intermediate,Intermediate,25,14
5,Beginner vs Intermediate,Intermediate,20,15
9,Beginner vs Intermediate,Intermediate,17,8
11,Beginner vs Intermediate,Intermediate,18,7
8,Beginner vs Intermediate,Intermediate,18,10
1,Beginner vs Intermediate,Intermediate,6,5
11,Beginner vs Intermediate,Intermediate,20,9
13,Beginner vs Intermediate,Intermediate,24,11
14,Beginner vs Intermediate,Intermediate,26,12
5,Beginner vs Intermediate,Intermediate,13,8
7,Beginner vs Intermediate,Intermediate,14,7
13,Beginner vs Intermediate,Intermediate,20,7
12,Beginner vs Intermediate,Intermediate,21,9
6,Beginner vs Intermediate,Intermediate,13,7
6,Beginner vs Intermediate,Intermediate,18,12
18,Beginner vs Intermediate,Intermediate,31,13
13,Beginner vs Intermediate,Intermediate,27,14
13,Beginner vs Intermediate,Intermediate,25,12
10,Beginner vs Intermediate,Intermediate,23,13
10,Beginner vs Intermediate,Intermediate,24,14
13,Beginner vs Intermediate,Intermediate,25,12
9,Beginner vs Intermediate,Intermediate,15,6
7,Beginner vs Intermediate,Intermediate,13,6
10,Beginner vs Intermediate,Intermediate,16,6
11,Beginner vs Intermediate,Intermediate,25,14
5,Beginner vs Intermediate,Intermediate,14,9
13,Beginner vs Intermediate,Intermediate,21,8
8,Beginner vs Intermediate,Intermediate,25,17
8,Beginner vs Intermediate,Intermediate,20,12
27,Beginner vs Intermediate,Intermediate,40,13
9,Beginner vs Intermediate,Intermediate,15,6
3,Beginner vs Intermediate,Intermediate,10,7
4,Beginner vs Intermediate,Intermediate,12,8
9,Beginner vs Intermediate,Intermediate,19,10
11,Beginner vs Intermediate,Intermediate,14,3
8,Beginner vs Intermediate,Intermediate,14,6
7,Beginner vs Intermediate,Intermediate,19,12
11,Beginner vs Intermediate,Intermediate,30,19
4,Beginner vs Intermediate,Intermediate,10,6
5,Beginner vs Intermediate,Intermediate,17,12
7,Beginner vs Intermediate,Intermediate,12,5
13,Beginner vs Intermediate,Intermediate,17,4
6,Beginner vs Intermediate,Intermediate,24,18
16,Beginner vs Intermediate,Intermediate,26,10
11,Beginner vs Intermediate,Intermediate,26,15
10,Beginner vs Intermediate,Intermediate,23,13
4,Beginner vs Intermediate,Intermediate,17,13
9,Beginner vs Intermediate,Intermediate,20,11
15,Beginner vs Intermediate,Intermediate,28,13
10,Beginner vs Intermediate,Intermediate,15,5
11,Beginner vs Intermediate,Intermediate,23,12
6,Beginner vs Intermediate,Intermediate,20,14
3,Beginner vs Intermediate,Intermediate,10,7
10,Beginner vs Intermediate,Intermediate,24,14
7,Beginner vs Intermediate,Intermediate,17,10
7,Beginner vs Intermediate,Intermediate,12,5
12,Beginner vs Intermediate,Intermediate,22,10
9,Beginner vs Intermediate,Intermediate,13,4
8,Beginner vs Intermediate,Intermediate,19,11
6,Beginner vs Intermediate,Intermediate,19,13
11,Beginner vs Intermediate,Intermediate,24,13
10,Beginner vs Intermediate,Intermediate,22,12
8,Beginner vs Intermediate,Intermediate,20,12
14,Beginner vs Intermediate,Intermediate,23,9
14,Beginner vs Intermediate,Intermediate,19,5
14,Beginner vs Intermediate,Intermediate,32,18
14,Beginner vs Intermediate,Intermediate,25,11
17,Beginner vs Intermediate,Intermediate,26,9
11,Beginner vs Intermediate,Intermediate,24,13
7,Beginner vs Intermediate,Intermediate,10,3
13,Beginner vs Intermediate,Intermediate,25,12
4,Beginner vs Intermediate,Intermediate,24,20
14,Beginner vs Intermediate,Intermediate,21,7
10,Beginner vs Intermediate,Intermediate,22,12
9,Beginner vs Intermediate,Intermediate,21,12
13,Beginner vs Intermediate,Intermediate,25,12
12,Beginner vs Intermediate,Intermediate,23,11
7,Beginner vs Intermediate,Intermediate,21,14
17,Beginner vs Intermediate,Intermediate,28,11
9,Beginner vs Intermediate,Intermediate,20,11
13,Beginner vs Intermediate,Intermediate,26,13
9,Beginner vs Intermediate,Intermediate,14,5
3,Beginner vs Intermediate,Intermediate,9,6
6,Beginner vs Intermediate,Intermediate,15,9
9,Beginner vs Intermediate,Intermediate,19,10
5,Beginner vs Intermediate,Intermediate,8,3
6,Beginner vs Intermediate,Intermediate,20,14
6,Beginner vs Intermediate,Intermediate,14,8
6,Beginner vs Intermediate,Intermediate,17,11
14,Beginner vs Intermediate,Intermediate,29,15
9,Beginner vs Intermediate,Intermediate,15,6
6,Beginner vs Intermediate,Intermediate,14,8
10,Beginner vs Intermediate,Intermediate,21,11
15,Beginner vs Intermediate,Intermediate,29,14
8,Beginner vs Intermediate,Intermediate,19,11
11,Beginner vs Intermediate,Intermediate,21,10
6,Beginner vs Intermediate,Intermediate,18,12
12,Beginner vs Intermediate,Intermediate,17,5
9,Beginner vs Intermediate,Intermediate,16,7
8,Beginner vs Intermediate,Intermediate,17,9
4,Beginner vs Intermediate,Intermediate,13,9
8,Beginner vs Intermediate,Intermediate,15,7
9,Beginner vs Intermediate,Intermediate,21,12
12,Beginner vs Intermediate,Intermediate,29,17
6,Beginner vs Intermediate,Intermediate,17,11
12,Beginner vs Intermediate,Intermediate,24,12
6,Beginner vs Intermediate,Intermediate,14,8
13,Beginner vs Intermediate,Intermediate,25,12
13,Beginner vs Intermediate,Intermediate,26,13
6,Beginner vs Intermediate,Intermediate,10,4
3,Beginner vs Intermediate,Intermediate,9,6
5,Beginner vs Intermediate,Intermediate,19,14
16,Beginner vs Intermediate,Intermediate,30,14
9,Beginner vs Intermediate,Intermediate,22,13
16,Beginner vs Intermediate,Intermediate,19,3
13,Beginner vs Intermediate,Intermediate,33,20
7,Beginner vs Intermediate,Intermediate,9,2
9,Beginner vs Intermediate,Intermediate,15,6
7,Beginner vs Intermediate,Intermediate,12,5
11,Beginner vs Intermediate,Intermediate,23,12
10,Beginner vs Intermediate,Intermediate,21,11
9,Beginner vs Intermediate,Intermediate,25,16
13,Beginner vs Intermediate,Intermediate,16,3
7,Beginner vs Intermediate,Intermediate,18,11
8,Beginner vs Intermediate,Intermediate,14,6
7,Beginner vs Intermediate,Intermediate,12,5
8,Beginner vs Intermediate,Intermediate,14,6
11,Beginner vs Intermediate,Intermediate,20,9
10,Beginner vs Intermediate,Intermediate,16,6
14,Beginner vs Intermediate,Intermediate,31,17
17,Beginner vs Intermediate,Intermediate,30,13
13,Beginner vs Intermediate,Intermediate,28,15
15,Beginner vs Intermediate,Intermediate,26,11
4,Beginner vs Intermediate,Intermediate,12,8
16,Beginner vs Intermediate,Intermediate,26,10
6,Beginner vs Intermediate,Intermediate,14,8
10,Beginner vs Intermediate,Intermediate,17,7
14,Beginner vs Intermediate,Intermediate,24,10
7,Beginner vs Intermediate,Intermediate,14,7
10,Beginner vs Intermediate,Intermediate,22,12
4,Beginner vs Intermediate,Intermediate,10,6
15,Beginner vs Intermediate,Intermediate,22,7
5,Beginner vs Intermediate,Intermediate,10,5
6,Beginner vs Intermediate,Intermediate,17,11
14,Beginner vs Intermediate,Intermediate,23,9
9,Beginner vs Intermediate,Intermediate,20,11
2,Beginner vs Intermediate,Intermediate,12,10
3,Beginner vs Intermediate,Intermediate,13,10
6,Beginner vs Intermediate,Intermediate,17,11
9,Beginner vs Intermediate,Intermediate,18,9
8,Beginner vs Intermediate,Intermediate,19,11
14,Beginner vs Intermediate,Intermediate,29,15
8,Beginner vs Intermediate,Intermediate,20,12
4,Beginner vs Intermediate,Intermediate,12,8
10,Beginner vs Intermediate,Intermediate,15,5
10,Beginner vs Intermediate,Intermediate,31,21
6,Beginner vs Intermediate,Intermediate,14,8
17,Beginner vs Intermediate,Intermediate,24,7
7,Beginner vs Intermediate,Intermediate,18,11
3,Beginner vs Intermediate,Intermediate,12,9
4,Beginner vs Intermediate,Intermediate,19,15
10,Beginner vs Intermediate,Intermediate,24,14
19,Beginner vs Intermediate,Intermediate,35,16
9,Beginner vs Intermediate,Intermediate,23,14
5,Beginner vs Intermediate,Intermediate,9,4
12,Beginner vs Intermediate,Intermediate,21,9
14,Beginner vs Intermediate,Intermediate,26,12
8,Beginner vs Intermediate,Intermediate,13,5
15,Beginner vs Intermediate,Intermediate,22,7
7,Beginner vs Intermediate,Intermediate,10,3
16,Beginner vs Intermediate,Intermediate,25,9
6,Beginner vs Intermediate,Intermediate,17,11
13,Beginner vs Intermediate,Intermediate,25,12
4,Beginner vs Intermediate,Intermediate,9,5
8,Beginner vs Intermediate,Intermediate,16,8
11,Beginner vs Intermediate,Intermediate,20,9
9,Beginner vs Intermediate,Intermediate,17,8
14,Beginner vs Intermediate,Intermediate,25,11
12,Beginner vs Intermediate,Intermediate,21,9
13,Beginner vs Intermediate,Intermediate,32,19
7,Beginner vs Intermediate,Intermediate,23,16
15,Beginner vs Intermediate,Intermediate,27,12
11,Beginner vs Intermediate,Intermediate,21,10
7,Beginner vs Intermediate,Intermediate,20,13
12,Beginner vs Intermediate,Intermediate,23,11
12,Beginner vs Intermediate,Intermediate,16,4
8,Beginner vs Intermediate,Intermediate,24,16
17,Beginner vs Intermediate,Intermediate,29,12
15,Beginner vs Intermediate,Intermediate,29,14
4,Beginner vs Intermediate,Intermediate,13,9
15,Beginner vs Intermediate,Intermediate,28,13
11,Beginner vs Intermediate,Intermediate,19,8
11,Beginner vs Intermediate,Intermediate,20,9
5,Beginner vs Intermediate,Intermediate,18,13
11,Beginner vs Intermediate,Intermediate,17,6
11,Beginner vs Intermediate,Intermediate,29,18
10,Beginner vs Intermediate,Intermediate,31,21
6,Beginner vs Intermediate,Intermediate,18,12
6,Beginner vs Intermediate,Intermediate,12,6
7,Beginner vs Intermediate,Intermediate,20,13
9,Beginner vs Intermediate,Intermediate,25,16
6,Beginner vs Intermediate,Intermediate,17,11
14,Beginner vs Intermediate,Intermediate,19,5
8,Beginner vs Intermediate,Intermediate,18,10
15,Beginner vs Intermediate,Intermediate,29,14
12,Beginner vs Intermediate,Intermediate,24,12
8,Beginner vs Intermediate,Intermediate,13,5
9,Beginner vs Intermediate,Intermediate,26,17
8,Beginner vs Intermediate,Intermediate,16,8
14,Beginner vs Intermediate,Intermediate,32,18
6,Beginner vs Intermediate,Intermediate,24,18
14,Beginner vs Intermediate,Intermediate,25,11
9,Beginner vs Intermediate,Intermediate,14,5
15,Beginner vs Intermediate,Intermediate,29,14
1,Beginner vs Intermediate,Intermediate,6,5
9,Beginner vs Intermediate,Intermediate,14,5
7,Beginner vs Intermediate,Intermediate,13,6
13,Beginner vs Intermediate,Intermediate,23,10
15,Beginner vs Intermediate,Intermediate,23,8
5,Beginner vs Intermediate,Intermediate,14,9
7,Beginner vs Intermediate,Intermediate,17,10
8,Beginner vs Intermediate,Intermediate,15,7
14,Beginner vs Intermediate,Intermediate,24,10
14,Beginner vs Intermediate,Intermediate,21,7
10,Beginner vs Intermediate,Intermediate,16,6
8,Beginner vs Intermediate,Intermediate,24,16
4,Beginner vs Intermediate,Intermediate,8,4
10,Beginner vs Intermediate,Intermediate,20,10
12,Beginner vs Intermediate,Intermediate,33,21
9,Beginner vs Intermediate,Intermediate,25,16
4,Beginner vs Intermediate,Intermediate,14,10
16,Beginner vs Intermediate,Intermediate,35,19
2,Beginner vs Intermediate,Intermediate,10,8
5,Beginner vs Intermediate,Intermediate,11,6
8,Beginner vs Intermediate,Intermediate,13,5
9,Beginner vs Intermediate,Intermediate,24,15
9,Beginner vs Intermediate,Intermediate,19,10
12,Beginner vs Intermediate,Intermediate,24,12
8,Beginner vs Intermediate,Intermediate,16,8
11,Beginner vs Intermediate,Intermediate,24,13
6,Beginner vs Intermediate,Intermediate,16,10
8,Beginner vs Intermediate,Intermediate,16,8
17,Beginner vs Intermediate,Intermediate,23,6
16,Beginner vs Intermediate,Intermediate,28,12
9,Beginner vs Intermediate,Intermediate,15,6
12,Beginner vs Intermediate,Intermediate,23,11
10,Beginner vs Intermediate,Intermediate,19,9
12,Beginner vs Intermediate,Intermediate,24,12
12,Beginner vs Intermediate,Intermediate,31,19
10,Beginner vs Intermediate,Intermediate,21,11
14,Beginner vs Intermediate,Intermediate,19,5
15,Beginner vs Intermediate,Intermediate,24,9
10,Beginner vs Intermediate,Intermediate,17,7
1,Beginner vs Intermediate,Intermediate,3,2
6,Beginner vs Intermediate,Intermediate,16,10
10,Beginner vs Intermediate,Intermediate,26,16
6,Beginner vs Intermediate,Intermediate,17,11
5,Beginner vs Intermediate,Intermediate,16,11
10,Beginner vs Intermediate,Intermediate,17,7
6,Beginner vs Intermediate,Intermediate,14,8
4,Beginner vs Intermediate,Intermediate,15,11
10,Beginner vs Intermediate,Intermediate,17,7
3,Beginner vs Intermediate,Intermediate,14,11
6,Beginner vs Intermediate,Intermediate,14,8
15,Beginner vs Intermediate,Intermediate,32,17
8,Beginner vs Intermediate,Intermediate,22,14
12,Beginner vs Intermediate,Intermediate,23,11
5,Beginner vs Intermediate,Intermediate,10,5
5,Beginner vs Intermediate,Intermediate,14,9
7,Beginner vs Intermediate,Intermediate,15,8
6,Beginner vs Intermediate,Intermediate,15,9
6,Beginner vs Intermediate,Intermediate,13,7
3,Beginner vs Intermediate,Intermediate,11,8
9,Beginner vs Intermediate,Intermediate,17,8
12,Beginner vs Intermediate,Intermediate,20,8
10,Beginner vs Intermediate,Intermediate,25,15
15,Beginner vs Intermediate,Intermediate,30,15
2,Beginner vs Intermediate,Intermediate,8,6
13,Beginner vs Intermediate,Intermediate,20,7
10,Beginner vs Intermediate,Intermediate,17,7
9,Beginner vs Intermediate,Intermediate,21,12
14,Beginner vs Intermediate,Intermediate,25,11
7,Beginner vs Intermediate,Intermediate,18,11
8,Beginner vs Intermediate,Intermediate,13,5
15,Beginner vs Intermediate,Intermediate,22,7
9,Beginner vs Intermediate,Intermediate,25,16
12,Beginner vs Intermediate,Intermediate,26,14
11,Beginner vs Intermediate,Intermediate,14,3
9,Beginner vs Intermediate,Intermediate,15,6
17,Beginner vs Intermediate,Intermediate,37,20
2,Beginner vs Intermediate,Intermediate,7,5
14,Beginner vs Intermediate,Intermediate,29,15
13,Beginner vs Intermediate,Intermediate,18,5
4,Beginner vs Intermediate,Intermediate,17,13
8,Beginner vs Intermediate,Intermediate,24,16
8,Beginner vs Intermediate,Intermediate,17,9
10,Beginner vs Intermediate,Intermediate,21,11
10,Beginner vs Intermediate,Intermediate,17,7
11,Beginner vs Intermediate,Intermediate,18,7
11,Beginner vs Intermediate,Intermediate,20,9
3,Beginner vs Intermediate,Intermediate,14,11
8,Beginner vs Intermediate,Intermediate,24,16
5,Beginner vs Intermediate,Intermediate,8,3
12,Beginner vs Intermediate,Intermediate,17,5
11,Beginner vs Intermediate,Intermediate,25,14
3,Beginner vs Intermediate,Intermediate,15,12
13,Beginner vs Intermediate,Intermediate,31,18
7,Beginner vs Intermediate,Intermediate,20,13
5,Beginner vs Intermediate,Intermediate,18,13
8,Beginner vs Intermediate,Intermediate,14,6
9,Beginner vs Intermediate,Intermediate,24,15
7,Beginner vs Intermediate,Intermediate,16,9
9,Beginner vs Intermediate,Intermediate,20,11
14,Beginner vs Intermediate,Intermediate,25,11
5,Beginner vs Intermediate,Intermediate,10,5
9,Beginner vs Intermediate,Intermediate,16,7
10,Beginner vs Intermediate,Intermediate,21,11
9,Beginner vs Intermediate,Intermediate,16,7
9,Beginner vs Intermediate,Intermediate,21,12
9,Beginner vs Intermediate,Intermediate,20,11
8,Beginner vs Intermediate,Intermediate,14,6
19,Beginner vs Intermediate,Intermediate,29,10
7,Beginner vs Intermediate,Intermediate,17,10
14,Beginner vs Intermediate,Intermediate,26,12
6,Beginner vs Intermediate,Intermediate,11,5
10,Beginner vs Intermediate,Intermediate,21,11
5,Beginner vs Intermediate,Intermediate,16,11
10,Beginner vs Intermediate,Intermediate,25,15
8,Beginner vs Intermediate,Intermediate,22,14
15,Beginner vs Intermediate,Intermediate,21,6
7,Beginner vs Intermediate,Intermediate,16,9
8,Beginner vs Intermediate,Intermediate,13,5
14,Beginner vs Intermediate,Intermediate,21,7
11,Beginner vs Intermediate,Intermediate,23,12
5,Beginner vs Intermediate,Intermediate,14,9
13,Beginner vs Intermediate,Intermediate,31,18
6,Beginner vs Intermediate,Intermediate,18,12
11,Beginner vs Intermediate,Intermediate,19,8
10,Beginner vs Intermediate,Intermediate,21,11
8,Beginner vs Intermediate,Intermediate,15,7
8,Beginner vs Intermediate,Intermediate,15,7
5,Beginner vs Intermediate,Intermediate,10,5
10,Beginner vs Intermediate,Intermediate,26,16
7,Beginner vs Intermediate,Intermediate,16,9
11,Beginner vs Intermediate,Intermediate,24,13
9,Beginner vs Intermediate,Intermediate,17,8
10,Beginner vs Intermediate,Intermediate,17,7
4,Beginner vs Intermediate,Intermediate,14,10
14,Beginner vs Intermediate,Intermediate,30,16
3,Beginner vs Intermediate,Intermediate,12,9
4,Beginner vs Intermediate,Intermediate,12,8
11,Beginner vs Intermediate,Intermediate,22,11
7,Beginner vs Intermediate,Intermediate,29,22
6,Beginner vs Intermediate,Intermediate,14,8
15,Beginner vs Intermediate,Intermediate,24,9
8,Beginner vs Intermediate,Intermediate,23,15
4,Beginner vs Intermediate,Intermediate,13,9
5,Beginner vs Intermediate,Intermediate,16,11
13,Beginner vs Intermediate,Intermediate,21,8
19,Beginner vs Intermediate,Intermediate,29,10
7,Beginner vs Intermediate,Intermediate,12,5
9,Beginner vs Intermediate,Intermediate,16,7
9,Beginner vs Intermediate,Intermediate,14,5
10,Beginner vs Intermediate,Intermediate,18,8
6,Beginner vs Intermediate,Intermediate,18,12
4,Beginner vs Intermediate,Intermediate,12,8
11,Beginner vs Intermediate,Intermediate,21,10
1,Beginner vs Intermediate,Intermediate,12,11
17,Beginner vs Intermediate,Intermediate,31,14
4,Beginner vs Intermediate,Intermediate,12,8
7,Beginner vs Intermediate,Intermediate,16,9
9,Beginner vs Intermediate,Intermediate,24,15
5,Beginner vs Intermediate,Intermediate,17,12
11,Beginner vs Intermediate,Intermediate,25,14
4,Beginner vs Intermediate,Intermediate,13,9
15,Beginner vs Intermediate,Intermediate,29,14
11,Beginner vs Intermediate,Intermediate,21,10
3,Beginner vs Intermediate,Intermediate,14,11
11,Beginner vs Intermediate,Intermediate,22,11
5,Beginner vs Intermediate,Intermediate,14,9
5,Beginner vs Intermediate,Intermediate,26,21
14,Beginner vs Intermediate,Intermediate,33,19
2,Beginner vs Intermediate,Intermediate,8,6
8,Beginner vs Intermediate,Intermediate,23,15
14,Beginner vs Intermediate,Intermediate,24,10
11,Beginner vs Intermediate,Intermediate,24,13
6,Beginner vs Intermediate,Intermediate,11,5
9,Beginner vs Intermediate,Intermediate,16,7
16,Beginner vs Intermediate,Intermediate,31,15
5,Beginner vs Intermediate,Intermediate,20,15
13,Beginner vs Intermediate,Intermediate,24,11
8,Beginner vs Intermediate,Intermediate,15,7
17,Beginner vs Intermediate,Intermediate,24,7
9,Beginner vs Intermediate,Intermediate,20,11
4,Beginner vs Intermediate,Intermediate,13,9
9,Beginner vs Intermediate,Intermediate,12,3
5,Beginner vs Intermediate,Intermediate,17,12
7,Beginner vs Intermediate,Intermediate,17,10
4,Beginner vs Intermediate,Intermediate,6,2
8,Beginner vs Intermediate,Intermediate,26,18
10,Beginner vs Intermediate,Intermediate,22,12
7,Beginner vs Intermediate,Intermediate,17,10
6,Beginner vs Intermediate,Intermediate,13,7
6,Beginner vs Intermediate,Intermediate,22,16
13,Beginner vs Intermediate,Intermediate,24,11
9,Beginner vs Intermediate,Intermediate,13,4
15,Beginner vs Intermediate,Intermediate,31,16
1,Beginner vs Intermediate,Intermediate,8,7
20,Beginner vs Intermediate,Intermediate,32,12
11,Beginner vs Intermediate,Intermediate,21,10
5,Beginner vs Intermediate,Intermediate,13,8
23,Beginner vs Intermediate,Intermediate,39,16
12,Beginner vs Intermediate,Intermediate,26,14
13,Beginner vs Intermediate,Intermediate,23,10
9,Beginner vs Intermediate,Intermediate,21,12
9,Beginner vs Intermediate,Intermediate,24,15
5,Beginner vs Intermediate,Intermediate,11,6
8,Beginner vs Intermediate,Intermediate,13,5
12,Beginner vs Intermediate,Intermediate,18,6
7,Beginner vs Intermediate,Intermediate,14,7
5,Beginner vs Intermediate,Intermediate,18,13
6,Beginner vs Intermediate,Intermediate,12,6
8,Beginner vs Intermediate,Intermediate,18,10
5,Beginner vs Intermediate,Intermediate,11,6
5,Beginner vs Intermediate,Intermediate,12,7
5,Beginner vs Intermediate,Intermediate,10,5
3,Beginner vs Intermediate,Intermediate,8,5
7,Beginner vs Intermediate,Intermediate,21,14
8,Beginner vs Intermediate,Intermediate,16,8
10,Beginner vs Intermediate,Intermediate,25,15
7,Beginner vs Intermediate,Intermediate,17,10
9,Beginner vs Intermediate,Intermediate,17,8
18,Beginner vs Intermediate,Intermediate,33,15
11,Beginner vs Intermediate,Intermediate,23,12
17,Beginner vs Intermediate,Intermediate,25,8
12,Beginner vs Intermediate,Intermediate,16,4
10,Beginner vs Intermediate,Intermediate,25,15
9,Beginner vs Intermediate,Intermediate,18,9
5,Beginner vs Intermediate,Intermediate,6,1
9,Beginner vs Intermediate,Intermediate,25,16
10,Beginner vs Intermediate,Intermediate,21,11
5,Beginner vs Intermediate,Intermediate,21,16
12,Beginner vs Intermediate,Intermediate,24,12
5,Beginner vs Intermediate,Intermediate,17,12
12,Beginner vs Intermediate,Intermediate,28,16
8,Beginner vs Intermediate,Intermediate,22,14
8,Beginner vs Intermediate,Intermediate,16,8
12,Beginner vs Intermediate,Intermediate,21,9
7,Beginner vs Intermediate,Intermediate,17,10
3,Beginner vs Intermediate,Intermediate,5,2
6,Beginner vs Intermediate,Intermediate,15,9
15,Beginner vs Intermediate,Intermediate,32,17
5,Beginner vs Intermediate,Intermediate,14,9
6,Beginner vs Intermediate,Intermediate,16,10
8,Beginner vs Intermediate,Intermediate,13,5
7,Beginner vs Intermediate,Intermediate,21,14
11,Beginner vs Intermediate,Intermediate,20,9
6,Beginner vs Intermediate,Intermediate,14,8
10,Beginner vs Intermediate,Intermediate,23,13
18,Beginner vs Intermediate,Intermediate,34,16
5,Beginner vs Intermediate,Intermediate,13,8
6,Beginner vs Intermediate,Intermediate,15,9
13,Beginner vs Intermediate,Intermediate,24,11
5,Beginner vs Intermediate,Intermediate,17,12
2,Beginner vs Intermediate,Intermediate,14,12
10,Beginner vs Intermediate,Intermediate,21,11
11,Beginner vs Intermediate,Intermediate,20,9
4,Beginner vs Intermediate,Intermediate,11,7
8,Beginner vs Intermediate,Intermediate,17,9
14,Beginner vs Intermediate,Intermediate,28,14
11,Beginner vs Intermediate,Intermediate,29,18
6,Beginner vs Intermediate,Intermediate,20,14
8,Beginner vs Intermediate,Intermediate,19,11
8,Beginner vs Intermediate,Intermediate,19,11
8,Beginner vs Intermediate,Intermediate,27,19
4,Beginner vs Intermediate,Intermediate,10,6
13,Beginner vs Intermediate,Intermediate,23,10
6,Beginner vs Intermediate,Intermediate,17,11
10,Beginner vs Intermediate,Intermediate,17,7
6,Beginner vs Intermediate,Intermediate,13,7
5,Beginner vs Intermediate,Intermediate,23,18
8,Beginner vs Intermediate,Intermediate,15,7
7,Beginner vs Intermediate,Intermediate,9,2
9,Beginner vs Intermediate,Intermediate,17,8
10,Beginner vs Intermediate,Intermediate,18,8
14,Beginner vs Intermediate,Intermediate,33,19
13,Beginner vs Intermediate,Intermediate,28,15
6,Beginner vs Intermediate,Intermediate,12,6
4,Beginner vs Intermediate,Intermediate,12,8
20,Beginner vs Intermediate,Intermediate,34,14
8,Beginner vs Intermediate,Intermediate,13,5
10,Beginner vs Intermediate,Intermediate,19,9
12,Beginner vs Intermediate,Intermediate,25,13
8,Beginner vs Intermediate,Intermediate,17,9
8,Beginner vs Intermediate,Intermediate,15,7
8,Beginner vs Intermediate,Intermediate,23,15
8,Beginner vs Intermediate,Intermediate,16,8
9,Beginner vs Intermediate,Intermediate,20,11
4,Beginner vs Intermediate,Intermediate,12,8
13,Beginner vs Intermediate,Intermediate,27,14
10,Beginner vs Intermediate,Intermediate,24,14
6,Beginner vs Intermediate,Intermediate,16,10
5,Beginner vs Intermediate,Intermediate,13,8
6,Beginner vs Intermediate,Intermediate,10,4
5,Beginner vs Intermediate,Intermediate,12,7
14,Beginner vs Intermediate,Intermediate,28,14
8,Beginner vs Intermediate,Intermediate,18,10
6,Beginner vs Intermediate,Intermediate,13,7
6,Beginner vs Intermediate,Intermediate,13,7
9,Beginner vs Intermediate,Intermediate,22,13
7,Beginner vs Intermediate,Intermediate,24,17
11,Beginner vs Intermediate,Intermediate,24,13
13,Beginner vs Intermediate,Intermediate,29,16
6,Beginner vs Intermediate,Intermediate,14,8
12,Beginner vs Intermediate,Intermediate,23,11
3,Beginner vs Intermediate,Intermediate,17,14
10,Beginner vs Intermediate,Intermediate,20,10
16,Beginner vs Intermediate,Intermediate,28,12
9,Beginner vs Intermediate,Intermediate,24,15
6,Beginner vs Intermediate,Intermediate,16,10
16,Beginner vs Intermediate,Intermediate,30,14
7,Beginner vs Intermediate,Intermediate,13,6
15,Beginner vs Intermediate,Intermediate,26,11
5,Beginner vs Intermediate,Intermediate,10,5
3,Beginner vs Intermediate,Intermediate,9,6
15,Beginner vs Intermediate,Intermediate,29,14
10,Beginner vs Intermediate,Intermediate,19,9
6,Beginner vs Intermediate,Intermediate,10,4
2,Beginner vs Intermediate,Intermediate,8,6
10,Beginner vs Intermediate,Intermediate,15,5
6,Beginner vs Intermediate,Intermediate,21,15
7,Beginner vs Intermediate,Intermediate,17,10
17,Beginner vs Intermediate,Intermediate,36,19
10,Beginner vs Intermediate,Intermediate,22,12
9,Beginner vs Intermediate,Intermediate,22,13
11,Beginner vs Intermediate,Intermediate,32,21
9,Beginner vs Intermediate,Intermediate,19,10
13,Beginner vs Intermediate,Intermediate,25,12
13,Beginner vs Intermediate,Intermediate,30,17
9,Beginner vs Intermediate,Intermediate,21,12
6,Beginner vs Intermediate,Intermediate,12,6
6,Beginner vs Intermediate,Intermediate,11,5
6,Beginner vs Intermediate,Intermediate,13,7
7,Beginner vs Intermediate,Intermediate,17,10
1,Beginner vs Intermediate,Intermediate,12,11
5,Beginner vs Intermediate,Intermediate,14,9
8,Beginner vs Intermediate,Intermediate,20,12
3,Beginner vs Intermediate,Intermediate,13,10
14,Beginner vs Intermediate,Intermediate,26,12
12,Beginner vs Intermediate,Intermediate,30,18
14,Beginner vs Intermediate,Intermediate,24,10
11,Beginner vs Intermediate,Intermediate,26,15
10,Beginner vs Intermediate,Intermediate,18,8
14,Beginner vs Intermediate,Intermediate,26,12
4,Beginner vs Intermediate,Intermediate,9,5
12,Beginner vs Intermediate,Intermediate,26,14
10,Beginner vs Intermediate,Intermediate,23,13
9,Beginner vs Intermediate,Intermediate,20,11
12,Beginner vs Intermediate,Intermediate,23,11
13,Beginner vs Intermediate,Intermediate,31,18
14,Beginner vs Intermediate,Intermediate,23,9
9,Beginner vs Intermediate,Intermediate,12,3
12,Beginner vs Intermediate,Intermediate,24,12
11,Beginner vs Intermediate,Intermediate,20,9
12,Beginner vs Intermediate,Intermediate,22,10
12,Beginner vs Intermediate,Intermediate,25,13
14,Beginner vs Intermediate,Intermediate,21,7
5,Beginner vs Intermediate,Intermediate,20,15
7,Beginner vs Intermediate,Intermediate,12,5
13,Beginner vs Intermediate,Intermediate,21,8
5,Beginner vs Intermediate,Intermediate,8,3
7,Beginner vs Intermediate,Intermediate,15,8
17,Beginner vs Intermediate,Intermediate,31,14
6,Beginner vs Intermediate,Intermediate,16,10
3,Beginner vs Intermediate,Intermediate,11,8
9,Beginner vs Intermediate,Intermediate,10,1
12,Beginner vs Intermediate,Intermediate,21,9
10,Beginner vs Intermediate,Intermediate,22,12
22,Beginner vs Intermediate,Intermediate,31,9
10,Beginner vs Intermediate,Intermediate,16,6
11,Beginner vs Intermediate,Intermediate,25,14
11,Beginner vs Intermediate,Intermediate,16,5
16,Beginner vs Intermediate,Intermediate,25,9
0,Beginner vs Intermediate,No one,7,7
5,Beginner vs Intermediate,Intermediate,19,14
11,Beginner vs Intermediate,Intermediate,19,8
8,Beginner vs Intermediate,Intermediate,19,11
9,Beginner vs Intermediate,Intermediate,16,7
6,Beginner vs Intermediate,Intermediate,10,4
15,Beginner vs Intermediate,Intermediate,25,10
6,Beginner vs Intermediate,Intermediate,8,2
5,Beginner vs Intermediate,Intermediate,11,6
9,Beginner vs Intermediate,Intermediate,17,8
7,Beginner vs Intermediate,Intermediate,16,9
3,Beginner vs Intermediate,Intermediate,25,22
14,Beginner vs Intermediate,Intermediate,26,12
7,Beginner vs Intermediate,Intermediate,21,14
9,Beginner vs Intermediate,Intermediate,23,14
13,Beginner vs Intermediate,Intermediate,20,7
10,Beginner vs Intermediate,Intermediate,25,15
15,Beginner vs Intermediate,Intermediate,27,12
12,Beginner vs Intermediate,Intermediate,23,11
7,Beginner vs Intermediate,Intermediate,19,12
20,Beginner vs Intermediate,Intermediate,32,12
9,Beginner vs Intermediate,Intermediate,20,11
7,Beginner vs Intermediate,Intermediate,16,9
6,Beginner vs Intermediate,Intermediate,20,14
10,Beginner vs Intermediate,Intermediate,24,14
12,Beginner vs Intermediate,Intermediate,29,17
22,Beginner vs Intermediate,Intermediate,34,12
11,Beginner vs Intermediate,Intermediate,31,20
15,Beginner vs Intermediate,Intermediate,26,11
11,Beginner vs Intermediate,Intermediate,21,10
8,Beginner vs Intermediate,Intermediate,19,11
10,Beginner vs Intermediate,Intermediate,17,7
3,Beginner vs Intermediate,Intermediate,16,13
2,Beginner vs Intermediate,Intermediate,16,14
8,Beginner vs Intermediate,Intermediate,17,9
11,Beginner vs Intermediate,Intermediate,24,13
8,Beginner vs Intermediate,Intermediate,20,12
8,Beginner vs Intermediate,Intermediate,21,13
7,Beginner vs Intermediate,Intermediate,15,8
6,Beginner vs Intermediate,Intermediate,16,10
10,Beginner vs Intermediate,Intermediate,23,13
11,Beginner vs Intermediate,Intermediate,19,8
8,Beginner vs Intermediate,Intermediate,15,7
7,Beginner vs Intermediate,Intermediate,16,9
11,Beginner vs Intermediate,Intermediate,21,10
12,Beginner vs Intermediate,Intermediate,21,9
5,Beginner vs Intermediate,Intermediate,18,13
3,Beginner vs Intermediate,Intermediate,13,10
10,Beginner vs Intermediate,Intermediate,25,15
15,Beginner vs Intermediate,Intermediate,25,10
12,Beginner vs Intermediate,Intermediate,30,18
13,Beginner vs Intermediate,Intermediate,27,14
7,Beginner vs Intermediate,Intermediate,19,12
13,Beginner vs Intermediate,Intermediate,25,12
6,Beginner vs Intermediate,Intermediate,14,8
9,Beginner vs Intermediate,Intermediate,11,2
4,Beginner vs Intermediate,Intermediate,14,10
6,Beginner vs Intermediate,Intermediate,13,7
12,Beginner vs Intermediate,Intermediate,27,15
11,Beginner vs Intermediate,Intermediate,19,8
10,Beginner vs Intermediate,Intermediate,28,18
8,Beginner vs Intermediate,Intermediate,14,6
5,Beginner vs Intermediate,Intermediate,11,6
3,Beginner vs Intermediate,Intermediate,17,14
5,Beginner vs Intermediate,Intermediate,11,6
3,Beginner vs Intermediate,Intermediate,14,11
17,Beginner vs Intermediate,Intermediate,31,14
2,Beginner vs Intermediate,Intermediate,14,12
11,Beginner vs Intermediate,Intermediate,18,7
7,Beginner vs Intermediate,Intermediate,18,11
13,Beginner vs Intermediate,Intermediate,19,6
10,Beginner vs Intermediate,Intermediate,20,10
13,Beginner vs Intermediate,Intermediate,25,12
10,Beginner vs Intermediate,Intermediate,22,12
14,Beginner vs Intermediate,Intermediate,31,17
13,Beginner vs Intermediate,Intermediate,22,9
10,Beginner vs Intermediate,Intermediate,18,8
9,Beginner vs Intermediate,Intermediate,21,12
10,Beginner vs Intermediate,Intermediate,18,8
7,Beginner vs Intermediate,Intermediate,15,8
6,Beginner vs Intermediate,Intermediate,11,5
16,Beginner vs Intermediate,Intermediate,24,8
6,Beginner vs Intermediate,Intermediate,30,24
2,Beginner vs Intermediate,Intermediate,11,9
8,Beginner vs Intermediate,Intermediate,19,11
11,Beginner vs Intermediate,Intermediate,23,12
6,Beginner vs Intermediate,Intermediate,17,11
5,Beginner vs Intermediate,Intermediate,9,4
18,Beginner vs Intermediate,Intermediate,30,12
10,Beginner vs Intermediate,Intermediate,27,17
5,Beginner vs Intermediate,Intermediate,16,11
11,Beginner vs Intermediate,Intermediate,20,9
7,Beginner vs Intermediate,Intermediate,20,13
10,Beginner vs Intermediate,Intermediate,18,8
12,Beginner vs Intermediate,Intermediate,27,15
11,Beginner vs Intermediate,Intermediate,20,9
11,Beginner vs Intermediate,Intermediate,23,12
6,Beginner vs Intermediate,Intermediate,8,2
5,Beginner vs Intermediate,Intermediate,17,12
11,Beginner vs Intermediate,Intermediate,23,12
10,Beginner vs Intermediate,Intermediate,27,17
12,Beginner vs Intermediate,Intermediate,28,16
7,Beginner vs Intermediate,Intermediate,12,5
18,Beginner vs Intermediate,Intermediate,35,17
9,Beginner vs Intermediate,Intermediate,18,9
13,Beginner vs Intermediate,Intermediate,21,8
8,Beginner vs Intermediate,Intermediate,20,12
10,Beginner vs Intermediate,Intermediate,31,21
12,Beginner vs Intermediate,Intermediate,24,12
8,Beginner vs Intermediate,Intermediate,14,6
9,Beginner vs Intermediate,Intermediate,21,12
12,Beginner vs Intermediate,Intermediate,17,5
13,Beginner vs Intermediate,Intermediate,26,13
14,Beginner vs Intermediate,Intermediate,30,16
9,Beginner vs Intermediate,Intermediate,14,5
16,Beginner vs Intermediate,Intermediate,32,16
17,Beginner vs Intermediate,Intermediate,33,16
3,Beginner vs Intermediate,Intermediate,18,15
4,Beginner vs Intermediate,Intermediate,10,6
12,Beginner vs Intermediate,Intermediate,22,10
7,Beginner vs Intermediate,Intermediate,16,9
8,Beginner vs Intermediate,Intermediate,17,9
15,Beginner vs Intermediate,Intermediate,28,13
12,Beginner vs Intermediate,Intermediate,21,9
12,Beginner vs Intermediate,Intermediate,23,11
8,Beginner vs Intermediate,Intermediate,23,15
9,Beginner vs Intermediate,Intermediate,16,7
11,Beginner vs Intermediate,Intermediate,23,12
11,Beginner vs Intermediate,Intermediate,27,16
10,Beginner vs Intermediate,Intermediate,22,12
8,Beginner vs Intermediate,Intermediate,8,0
4,Beginner vs Intermediate,Intermediate,17,13
5,Beginner vs Intermediate,Intermediate,17,12
7,Beginner vs Intermediate,Intermediate,13,6
6,Beginner vs Intermediate,Intermediate,17,11
17,Beginner vs Intermediate,Intermediate,29,12
14,Beginner vs Intermediate,Intermediate,20,6
6,Beginner vs Intermediate,Intermediate,18,12
2,Beginner vs Intermediate,Intermediate,11,9
6,Beginner vs Intermediate,Intermediate,18,12
7,Beginner vs Intermediate,Intermediate,16,9
9,Beginner vs Intermediate,Intermediate,25,16
17,Beginner vs Intermediate,Intermediate,31,14
17,Beginner vs Intermediate,Intermediate,30,13
4,Beginner vs Intermediate,Intermediate,13,9
9,Beginner vs Intermediate,Intermediate,19,10
1,Beginner vs Intermediate,Intermediate,6,5
13,Beginner vs Intermediate,Intermediate,26,13
7,Beginner vs Intermediate,Intermediate,18,11
10,Beginner vs Intermediate,Intermediate,22,12
10,Beginner vs Intermediate,Intermediate,19,9
14,Beginner vs Intermediate,Intermediate,28,14
18,Beginner vs Intermediate,Intermediate,33,15
17,Beginner vs Intermediate,Intermediate,24,7
10,Beginner vs Intermediate,Intermediate,25,15
7,Beginner vs Intermediate,Intermediate,18,11
7,Beginner vs Intermediate,Intermediate,15,8
17,Beginner vs Intermediate,Intermediate,32,15
3,Beginner vs Intermediate,Intermediate,14,11
5,Beginner vs Intermediate,Intermediate,18,13
12,Beginner vs Intermediate,Intermediate,24,12
4,Beginner vs Intermediate,Intermediate,17,13
1,Beginner vs Intermediate,Intermediate,6,5
17,Beginner vs Intermediate,Intermediate,28,11
8,Beginner vs Intermediate,Intermediate,20,12
8,Beginner vs Intermediate,Intermediate,18,10
8,Beginner vs Intermediate,Intermediate,18,10
9,Beginner vs Intermediate,Intermediate,24,15
4,Beginner vs Intermediate,Intermediate,14,10
4,Beginner vs Intermediate,Intermediate,11,7
10,Beginner vs Intermediate,Intermediate,17,7
9,Beginner vs Intermediate,Intermediate,14,5
7,Beginner vs Intermediate,Intermediate,13,6
10,Beginner vs Intermediate,Intermediate,28,18
8,Beginner vs Intermediate,Intermediate,24,16
8,Beginner vs Intermediate,Intermediate,23,15
9,Beginner vs Intermediate,Intermediate,16,7
5,Beginner vs Intermediate,Intermediate,13,8
7,Beginner vs Intermediate,Intermediate,12,5
8,Beginner vs Intermediate,Intermediate,20,12
19,Beginner vs Intermediate,Intermediate,33,14
3,Beginner vs Intermediate,Intermediate,5,2
7,Beginner vs Intermediate,Intermediate,17,10
1,Beginner vs Intermediate,Intermediate,11,10
0,Beginner vs Intermediate,No one,13,13
9,Beginner vs Intermediate,Intermediate,21,12
12,Beginner vs Intermediate,Intermediate,24,12
4,Beginner vs Intermediate,Intermediate,13,9
11,Beginner vs Intermediate,Intermediate,31,20
10,Beginner vs Intermediate,Intermediate,16,6
10,Beginner vs Intermediate,Intermediate,15,5
18,Beginner vs Intermediate,Intermediate,42,24
9,Beginner vs Intermediate,Intermediate,22,13
12,Beginner vs Intermediate,Intermediate,21,9
10,Beginner vs Intermediate,Intermediate,27,17
6,Beginner vs Intermediate,Intermediate,17,11
14,Beginner vs Intermediate,Intermediate,29,15
9,Beginner vs Intermediate,Intermediate,20,11
13,Beginner vs Intermediate,Intermediate,27,14
9,Beginner vs Intermediate,Intermediate,25,16
8,Beginner vs Intermediate,Intermediate,12,4
10,Beginner vs Intermediate,Intermediate,18,8
7,Beginner vs Intermediate,Intermediate,14,7
10,Beginner vs Intermediate,Intermediate,13,3
9,Beginner vs Intermediate,Intermediate,16,7
8,Beginner vs Intermediate,Intermediate,17,9
10,Beginner vs Intermediate,Intermediate,17,7
14,Beginner vs Intermediate,Intermediate,25,11
12,Beginner vs Intermediate,Intermediate,25,13
13,Beginner vs Intermediate,Intermediate,23,10
6,Beginner vs Intermediate,Intermediate,19,13
7,Beginner vs Intermediate,Intermediate,17,10
15,Beginner vs Intermediate,Intermediate,30,15
9,Beginner vs Intermediate,Intermediate,16,7
15,Beginner vs Intermediate,Intermediate,32,17
17,Beginner vs Intermediate,Intermediate,27,10
7,Beginner vs Intermediate,Intermediate,18,11
10,Beginner vs Intermediate,Intermediate,29,19
10,Beginner vs Intermediate,Intermediate,28,18
15,Beginner vs Intermediate,Intermediate,23,8
5,Beginner vs Intermediate,Intermediate,14,9
11,Beginner vs Intermediate,Intermediate,21,10
13,Beginner vs Intermediate,Intermediate,26,13
11,Beginner vs Intermediate,Intermediate,20,9
4,Beginner vs Intermediate,Intermediate,24,20
3,Beginner vs Intermediate,Intermediate,12,9
6,Beginner vs Intermediate,Intermediate,11,5
11,Beginner vs Intermediate,Intermediate,30,19
8,Beginner vs Intermediate,Intermediate,17,9
5,Beginner vs Intermediate,Intermediate,18,13
4,Beginner vs Intermediate,Intermediate,16,12
14,Beginner vs Intermediate,Intermediate,26,12
11,Beginner vs Intermediate,Intermediate,31,20
8,Beginner vs Intermediate,Intermediate,15,7
3,Beginner vs Intermediate,Intermediate,10,7
4,Beginner vs Intermediate,Intermediate,6,2
5,Beginner vs Intermediate,Intermediate,14,9
11,Beginner vs Intermediate,Intermediate,20,9
6,Beginner vs Intermediate,Intermediate,12,6
9,Beginner vs Intermediate,Intermediate,21,12
5,Beginner vs Intermediate,Intermediate,18,13
11,Beginner vs Intermediate,Intermediate,22,11
11,Beginner vs Intermediate,Intermediate,24,13
8,Beginner vs Intermediate,Intermediate,12,4
4,Beginner vs Intermediate,Intermediate,17,13
7,Beginner vs Intermediate,Intermediate,14,7
11,Beginner vs Intermediate,Intermediate,18,7
12,Beginner vs Intermediate,Intermediate,33,21
12,Beginner vs Intermediate,Intermediate,21,9
16,Beginner vs Intermediate,Intermediate,29,13
6,Beginner vs Intermediate,Intermediate,16,10
11,Beginner vs Intermediate,Intermediate,19,8
3,Beginner vs Intermediate,Intermediate,11,8
10,Beginner vs Intermediate,Intermediate,30,20
3,Beginner vs Intermediate,Intermediate,10,7
2,Beginner vs Intermediate,Intermediate,10,8
9,Beginner vs Intermediate,Intermediate,16,7
11,Beginner vs Intermediate,Intermediate,25,14
6,Beginner vs Intermediate,Intermediate,12,6
12,Beginner vs Intermediate,Intermediate,33,21
11,Beginner vs Intermediate,Intermediate,18,7
8,Beginner vs Intermediate,Intermediate,18,10
12,Beginner vs Intermediate,Intermediate,27,15
13,Beginner vs Intermediate,Intermediate,21,8
5,Beginner vs Intermediate,Intermediate,16,11
14,Beginner vs Intermediate,Intermediate,24,10
6,Beginner vs Intermediate,Intermediate,13,7
14,Beginner vs Intermediate,Intermediate,20,6
10,Beginner vs Intermediate,Intermediate,18,8
9,Beginner vs Intermediate,Intermediate,18,9
14,Beginner vs Intermediate,Intermediate,25,11
7,Beginner vs Intermediate,Intermediate,13,6
9,Beginner vs Intermediate,Intermediate,23,14
9,Beginner vs Intermediate,Intermediate,22,13
12,Beginner vs Intermediate,Intermediate,24,12
9,Beginner vs Intermediate,Intermediate,18,9
6,Beginner vs Intermediate,Intermediate,15,9
9,Beginner vs Intermediate,Intermediate,13,4
13,Beginner vs Intermediate,Intermediate,23,10
8,Beginner vs Intermediate,Intermediate,16,8
13,Beginner vs Intermediate,Intermediate,18,5
13,Beginner vs Intermediate,Intermediate,28,15
12,Beginner vs Intermediate,Intermediate,21,9
13,Beginner vs Intermediate,Intermediate,23,10
5,Beginner vs Intermediate,Intermediate,24,19
19,Beginner vs Intermediate,Intermediate,32,13
3,Beginner vs Intermediate,Intermediate,13,10
20,Beginner vs Intermediate,Intermediate,36,16
7,Beginner vs Intermediate,Intermediate,16,9
12,Beginner vs Intermediate,Intermediate,22,10
8,Beginner vs Intermediate,Intermediate,14,6
31,Beginner vs Advanced,Advanced,54,23
35,Beginner vs Advanced,Advanced,57,22
28,Beginner vs Advanced,Advanced,55,27
40,Beginner vs Advanced,Advanced,60,20
39,Beginner vs Advanced,Advanced,59,20
25,Beginner vs Advanced,Advanced,53,28
33,Beginner vs Advanced,Advanced,54,21
35,Beginner vs Advanced,Advanced,57,22
39,Beginner vs Advanced,Advanced,59,20
38,Beginner vs Advanced,Advanced,59,21
30,Beginner vs Advanced,Advanced,55,25
39,Beginner vs Advanced,Advanced,58,19
36,Beginner vs Advanced,Advanced,58,22
37,Beginner vs Advanced,Advanced,57,20
41,Beginner vs Advanced,Advanced,62,21
46,Beginner vs Advanced,Advanced,62,16
31,Beginner vs Advanced,Advanced,54,23
31,Beginner vs Advanced,Advanced,55,24
27,Beginner vs Advanced,Advanced,55,28
38,Beginner vs Advanced,Advanced,60,22
35,Beginner vs Advanced,Advanced,59,24
36,Beginner vs Advanced,Advanced,55,19
38,Beginner vs Advanced,Advanced,54,16
35,Beginner vs Advanced,Advanced,57,22
41,Beginner vs Advanced,Advanced,60,19
41,Beginner vs Advanced,Advanced,59,18
40,Beginner vs Advanced,Advanced,57,17
37,Beginner vs Advanced,Advanced,59,22
38,Beginner vs Advanced,Advanced,58,20
40,Beginner vs Advanced,Advanced,61,21
35,Beginner vs Advanced,Advanced,59,24
34,Beginner vs Advanced,Advanced,57,23
38,Beginner vs Advanced,Advanced,58,20
33,Beginner vs Advanced,Advanced,56,23
39,Beginner vs Advanced,Advanced,58,19
41,Beginner vs Advanced,Advanced,61,20
40,Beginner vs Advanced,Advanced,60,20
32,Beginner vs Advanced,Advanced,55,23
39,Beginner vs Advanced,Advanced,58,19
29,Beginner vs Advanced,Advanced,53,24
35,Beginner vs Advanced,Advanced,57,22
37,Beginner vs Advanced,Advanced,58,21
36,Beginner vs Advanced,Advanced,57,21
42,Beginner vs Advanced,Advanced,59,17
43,Beginner vs Advanced,Advanced,60,17
32,Beginner vs Advanced,Advanced,54,22
42,Beginner vs Advanced,Advanced,59,17
44,Beginner vs Advanced,Advanced,61,17
41,Beginner vs Advanced,Advanced,59,18
42,Beginner vs Advanced,Advanced,59,17
39,Beginner vs Advanced,Advanced,60,21
31,Beginner vs Advanced,Advanced,56,25
41,Beginner vs Advanced,Advanced,59,18
37,Beginner vs Advanced,Advanced,57,20
40,Beginner vs Advanced,Advanced,58,18
40,Beginner vs Advanced,Advanced,58,18
38,Beginner vs Advanced,Advanced,57,19
32,Beginner vs Advanced,Advanced,56,24
37,Beginner vs Advanced,Advanced,56,19
38,Beginner vs Advanced,Advanced,58,20
32,Beginner vs Advanced,Advanced,57,25
35,Beginner vs Advanced,Advanced,59,24
40,Beginner vs Advanced,Advanced,61,21
39,Beginner vs Advanced,Advanced,56,17
34,Beginner vs Advanced,Advanced,57,23
34,Beginner vs Advanced,Advanced,54,20
35,Beginner vs Advanced,Advanced,59,24
43,Beginner vs Advanced,Advanced,61,18
33,Beginner vs Advanced,Advanced,56,23
32,Beginner vs Advanced,Advanced,56,24
40,Beginner vs Advanced,Advanced,59,19
34,Beginner vs Advanced,Advanced,58,24
36,Beginner vs Advanced,Advanced,58,22
41,Beginner vs Advanced,Advanced,62,21
32,Beginner vs Advanced,Advanced,57,25
28,Beginner vs Advanced,Advanced,53,25
27,Beginner vs Advanced,Advanced,55,28
43,Beginner vs Advanced,Advanced,59,16
34,Beginner vs Advanced,Advanced,56,22
31,Beginner vs Advanced,Advanced,56,25
41,Beginner vs Advanced,Advanced,60,19
44,Beginner vs Advanced,Advanced,59,15
44,Beginner vs Advanced,Advanced,60,16
35,Beginner vs Advanced,Advanced,58,23
41,Beginner vs Advanced,Advanced,61,20
40,Beginner vs Advanced,Advanced,60,20
33,Beginner vs Advanced,Advanced,56,23
42,Beginner vs Advanced,Advanced,59,17
42,Beginner vs Advanced,Advanced,62,20
44,Beginner vs Advanced,Advanced,61,17
29,Beginner vs Advanced,Advanced,54,25
35,Beginner vs Advanced,Advanced,59,24
35,Beginner vs Advanced,Advanced,59,24
34,Beginner vs Advanced,Advanced,55,21
37,Beginner vs Advanced,Advanced,59,22
40,Beginner vs Advanced,Advanced,58,18
48,Beginner vs Advanced,Advanced,64,16
37,Beginner vs Advanced,Advanced,58,21
43,Beginner vs Advanced,Advanced,63,20
30,Beginner vs Advanced,Advanced,53,23
38,Beginner vs Advanced,Advanced,58,20
28,Beginner vs Advanced,Advanced,54,26
35,Beginner vs Advanced,Advanced,56,21
33,Beginner vs Advanced,Advanced,58,25
27,Beginner vs Advanced,Advanced,56,29
33,Beginner vs Advanced,Advanced,57,24
31,Beginner vs Advanced,Advanced,60,29
31,Beginner vs Advanced,Advanced,54,23
38,Beginner vs Advanced,Advanced,57,19
36,Beginner vs Advanced,Advanced,57,21
37,Beginner vs Advanced,Advanced,58,21
35,Beginner vs Advanced,Advanced,57,22
24,Beginner vs Advanced,Advanced,55,31
34,Beginner vs Advanced,Advanced,57,23
29,Beginner vs Advanced,Advanced,53,24
39,Beginner vs Advanced,Advanced,60,21
40,Beginner vs Advanced,Advanced,60,20
35,Beginner vs Advanced,Advanced,58,23
35,Beginner vs Advanced,Advanced,58,23
38,Beginner vs Advanced,Advanced,58,20
40,Beginner vs Advanced,Advanced,58,18
33,Beginner vs Advanced,Advanced,59,26
31,Beginner vs Advanced,Advanced,54,23
45,Beginner vs Advanced,Advanced,62,17
18,Beginner vs Advanced,Advanced,52,34
33,Beginner vs Advanced,Advanced,57,24
35,Beginner vs Advanced,Advanced,54,19
42,Beginner vs Advanced,Advanced,62,20
35,Beginner vs Advanced,Advanced,52,17
37,Beginner vs Advanced,Advanced,57,20
41,Beginner vs Advanced,Advanced,63,22
39,Beginner vs Advanced,Advanced,60,21
46,Beginner vs Advanced,Advanced,64,18
45,Beginner vs Advanced,Advanced,61,16
44,Beginner vs Advanced,Advanced,62,18
40,Beginner vs Advanced,Advanced,57,17
40,Beginner vs Advanced,Advanced,59,19
38,Beginner vs Advanced,Advanced,58,20
39,Beginner vs Advanced,Advanced,58,19
37,Beginner vs Advanced,Advanced,60,23
41,Beginner vs Advanced,Advanced,60,19
50,Beginner vs Advanced,Advanced,65,15
36,Beginner vs Advanced,Advanced,54,18
32,Beginner vs Advanced,Advanced,57,25
39,Beginner vs Advanced,Advanced,57,18
45,Beginner vs Advanced,Advanced,63,18
37,Beginner vs Advanced,Advanced,56,19
42,Beginner vs Advanced,Advanced,60,18
46,Beginner vs Advanced,Advanced,60,14
40,Beginner vs Advanced,Advanced,58,18
40,Beginner vs Advanced,Advanced,59,19
31,Beginner vs Advanced,Advanced,57,26
38,Beginner vs Advanced,Advanced,58,20
36,Beginner vs Advanced,Advanced,56,20
32,Beginner vs Advanced,Advanced,56,24
49,Beginner vs Advanced,Advanced,64,15
34,Beginner vs Advanced,Advanced,58,24
44,Beginner vs Advanced,Advanced,61,17
40,Beginner vs Advanced,Advanced,59,19
32,Beginner vs Advanced,Advanced,56,24
41,Beginner vs Advanced,Advanced,58,17
32,Beginner vs Advanced,Advanced,57,25
27,Beginner vs Advanced,Advanced,55,28
29,Beginner vs Advanced,Advanced,52,23
31,Beginner vs Advanced,Advanced,53,22
45,Beginner vs Advanced,Advanced,65,20
36,Beginner vs Advanced,Advanced,57,21
39,Beginner vs Advanced,Advanced,60,21
38,Beginner vs Advanced,Advanced,60,22
41,Beginner vs Advanced,Advanced,63,22
37,Beginner vs Advanced,Advanced,57,20
35,Beginner vs Advanced,Advanced,55,20
39,Beginner vs Advanced,Advanced,60,21
37,Beginner vs Advanced,Advanced,58,21
44,Beginner vs Advanced,Advanced,61,17
30,Beginner vs Advanced,Advanced,57,27
34,Beginner vs Advanced,Advanced,58,24
35,Beginner vs Advanced,Advanced,59,24
30,Beginner vs Advanced,Advanced,53,23
39,Beginner vs Advanced,Advanced,57,18
32,Beginner vs Advanced,Advanced,57,25
35,Beginner vs Advanced,Advanced,55,20
34,Beginner vs Advanced,Advanced,57,23
31,Beginner vs Advanced,Advanced,56,25
36,Beginner vs Advanced,Advanced,60,24
38,Beginner vs Advanced,Advanced,60,22
35,Beginner vs Advanced,Advanced,56,21
35,Beginner vs Advanced,Advanced,58,23
39,Beginner vs Advanced,Advanced,58,19
30,Beginner vs Advanced,Advanced,54,24
30,Beginner vs Advanced,Advanced,56,26
37,Beginner vs Advanced,Advanced,57,20
39,Beginner vs Advanced,Advanced,59,20
23,Beginner vs Advanced,Advanced,55,32
34,Beginner vs Advanced,Advanced,58,24
34,Beginner vs Advanced,Advanced,58,24
39,Beginner vs Advanced,Advanced,58,19
36,Beginner vs Advanced,Advanced,57,21
41,Beginner vs Advanced,Advanced,60,19
31,Beginner vs Advanced,Advanced,54,23
36,Beginner vs Advanced,Advanced,57,21
40,Beginner vs Advanced,Advanced,59,19
29,Beginner vs Advanced,Advanced,55,26
44,Beginner vs Advanced,Advanced,63,19
39,Beginner vs Advanced,Advanced,57,18
33,Beginner vs Advanced,Advanced,58,25
29,Beginner vs Advanced,Advanced,55,26
36,Beginner vs Advanced,Advanced,60,24
34,Beginner vs Advanced,Advanced,60,26
34,Beginner vs Advanced,Advanced,54,20
37,Beginner vs Advanced,Advanced,57,20
42,Beginner vs Advanced,Advanced,62,20
36,Beginner vs Advanced,Advanced,58,22
37,Beginner vs Advanced,Advanced,60,23
39,Beginner vs Advanced,Advanced,58,19
43,Beginner vs Advanced,Advanced,59,16
33,Beginner vs Advanced,Advanced,55,22
30,Beginner vs Advanced,Advanced,56,26
37,Beginner vs Advanced,Advanced,56,19
35,Beginner vs Advanced,Advanced,60,25
37,Beginner vs Advanced,Advanced,58,21
29,Beginner vs Advanced,Advanced,56,27
46,Beginner vs Advanced,Advanced,62,16
40,Beginner vs Advanced,Advanced,58,18
41,Beginner vs Advanced,Advanced,61,20
37,Beginner vs Advanced,Advanced,59,22
36,Beginner vs Advanced,Advanced,56,20
46,Beginner vs Advanced,Advanced,62,16
35,Beginner vs Advanced,Advanced,58,23
32,Beginner vs Advanced,Advanced,58,26
27,Beginner vs Advanced,Advanced,56,29
28,Beginner vs Advanced,Advanced,58,30
30,Beginner vs Advanced,Advanced,56,26
38,Beginner vs Advanced,Advanced,58,20
44,Beginner vs Advanced,Advanced,57,13
34,Beginner vs Advanced,Advanced,55,21
38,Beginner vs Advanced,Advanced,57,19
37,Beginner vs Advanced,Advanced,60,23
34,Beginner vs Advanced,Advanced,57,23
37,Beginner vs Advanced,Advanced,59,22
41,Beginner vs Advanced,Advanced,62,21
41,Beginner vs Advanced,Advanced,58,17
31,Beginner vs Advanced,Advanced,60,29
46,Beginner vs Advanced,Advanced,64,18
33,Beginner vs Advanced,Advanced,56,23
41,Beginner vs Advanced,Advanced,60,19
37,Beginner vs Advanced,Advanced,57,20
31,Beginner vs Advanced,Advanced,56,25
39,Beginner vs Advanced,Advanced,60,21
40,Beginner vs Advanced,Advanced,61,21
34,Beginner vs Advanced,Advanced,54,20
38,Beginner vs Advanced,Advanced,60,22
30,Beginner vs Advanced,Advanced,54,24
38,Beginner vs Advanced,Advanced,57,19
28,Beginner vs Advanced,Advanced,54,26
38,Beginner vs Advanced,Advanced,60,22
36,Beginner vs Advanced,Advanced,57,21
30,Beginner vs Advanced,Advanced,54,24
42,Beginner vs Advanced,Advanced,61,19
32,Beginner vs Advanced,Advanced,56,24
40,Beginner vs Advanced,Advanced,60,20
37,Beginner vs Advanced,Advanced,56,19
35,Beginner vs Advanced,Advanced,56,21
39,Beginner vs Advanced,Advanced,60,21
36,Beginner vs Advanced,Advanced,60,24
31,Beginner vs Advanced,Advanced,53,22
34,Beginner vs Advanced,Advanced,58,24
47,Beginner vs Advanced,Advanced,59,12
41,Beginner vs Advanced,Advanced,60,19
41,Beginner vs Advanced,Advanced,60,19
35,Beginner vs Advanced,Advanced,57,22
31,Beginner vs Advanced,Advanced,56,25
40,Beginner vs Advanced,Advanced,57,17
42,Beginner vs Advanced,Advanced,58,16
35,Beginner vs Advanced,Advanced,59,24
39,Beginner vs Advanced,Advanced,56,17
30,Beginner vs Advanced,Advanced,54,24
30,Beginner vs Advanced,Advanced,52,22
38,Beginner vs Advanced,Advanced,57,19
17,Beginner vs Advanced,Advanced,49,32
44,Beginner vs Advanced,Advanced,64,20
45,Beginner vs Advanced,Advanced,62,17
32,Beginner vs Advanced,Advanced,54,22
40,Beginner vs Advanced,Advanced,59,19
25,Beginner vs Advanced,Advanced,52,27
36,Beginner vs Advanced,Advanced,56,20
32,Beginner vs Advanced,Advanced,54,22
31,Beginner vs Advanced,Advanced,56,25
35,Beginner vs Advanced,Advanced,56,21
45,Beginner vs Advanced,Advanced,59,14
34,Beginner vs Advanced,Advanced,55,21
42,Beginner vs Advanced,Advanced,61,19
42,Beginner vs Advanced,Advanced,57,15
40,Beginner vs Advanced,Advanced,60,20
26,Beginner vs Advanced,Advanced,54,28
37,Beginner vs Advanced,Advanced,56,19
39,Beginner vs Advanced,Advanced,58,19
40,Beginner vs Advanced,Advanced,60,20
37,Beginner vs Advanced,Advanced,54,17
38,Beginner vs Advanced,Advanced,59,21
32,Beginner vs Advanced,Advanced,53,21
43,Beginner vs Advanced,Advanced,60,17
42,Beginner vs Advanced,Advanced,61,19
39,Beginner vs Advanced,Advanced,58,19
34,Beginner vs Advanced,Advanced,54,20
41,Beginner vs Advanced,Advanced,62,21
36,Beginner vs Advanced,Advanced,57,21
35,Beginner vs Advanced,Advanced,59,24
31,Beginner vs Advanced,Advanced,58,27
40,Beginner vs Advanced,Advanced,59,19
33,Beginner vs Advanced,Advanced,54,21
37,Beginner vs Advanced,Advanced,58,21
41,Beginner vs Advanced,Advanced,58,17
28,Beginner vs Advanced,Advanced,54,26
33,Beginner vs Advanced,Advanced,55,22
34,Beginner vs Advanced,Advanced,59,25
32,Beginner vs Advanced,Advanced,57,25
24,Beginner vs Advanced,Advanced,54,30
38,Beginner vs Advanced,Advanced,56,18
40,Beginner vs Advanced,Advanced,57,17
34,Beginner vs Advanced,Advanced,57,23
39,Beginner vs Advanced,Advanced,59,20
42,Beginner vs Advanced,Advanced,59,17
40,Beginner vs Advanced,Advanced,59,19
40,Beginner vs Advanced,Advanced,60,20
42,Beginner vs Advanced,Advanced,62,20
38,Beginner vs Advanced,Advanced,57,19
38,Beginner vs Advanced,Advanced,58,20
36,Beginner vs Advanced,Advanced,60,24
44,Beginner vs Advanced,Advanced,59,15
36,Beginner vs Advanced,Advanced,57,21
34,Beginner vs Advanced,Advanced,53,19
36,Beginner vs Advanced,Advanced,58,22
34,Beginner vs Advanced,Advanced,55,21
39,Beginner vs Advanced,Advanced,56,17
32,Beginner vs Advanced,Advanced,56,24
41,Beginner vs Advanced,Advanced,60,19
35,Beginner vs Advanced,Advanced,56,21
29,Beginner vs Advanced,Advanced,57,28
35,Beginner vs Advanced,Advanced,57,22
41,Beginner vs Advanced,Advanced,60,19
37,Beginner vs Advanced,Advanced,58,21
40,Beginner vs Advanced,Advanced,59,19
40,Beginner vs Advanced,Advanced,59,19
38,Beginner vs Advanced,Advanced,54,16
48,Beginner vs Advanced,Advanced,64,16
43,Beginner vs Advanced,Advanced,59,16
43,Beginner vs Advanced,Advanced,59,16
34,Beginner vs Advanced,Advanced,55,21
39,Beginner vs Advanced,Advanced,58,19
37,Beginner vs Advanced,Advanced,59,22
35,Beginner vs Advanced,Advanced,57,22
38,Beginner vs Advanced,Advanced,61,23
38,Beginner vs Advanced,Advanced,59,21
36,Beginner vs Advanced,Advanced,58,22
33,Beginner vs Advanced,Advanced,55,22
37,Beginner vs Advanced,Advanced,56,19
32,Beginner vs Advanced,Advanced,53,21
27,Beginner vs Advanced,Advanced,55,28
36,Beginner vs Advanced,Advanced,56,20
33,Beginner vs Advanced,Advanced,59,26
46,Beginner vs Advanced,Advanced,63,17
34,Beginner vs Advanced,Advanced,59,25
33,Beginner vs Advanced,Advanced,60,27
35,Beginner vs Advanced,Advanced,55,20
34,Beginner vs Advanced,Advanced,60,26
39,Beginner vs Advanced,Advanced,59,20
29,Beginner vs Advanced,Advanced,56,27
36,Beginner vs Advanced,Advanced,58,22
45,Beginner vs Advanced,Advanced,61,16
27,Beginner vs Advanced,Advanced,53,26
35,Beginner vs Advanced,Advanced,56,21
40,Beginner vs Advanced,Advanced,58,18
43,Beginner vs Advanced,Advanced,58,15
43,Beginner vs Advanced,Advanced,62,19
48,Beginner vs Advanced,Advanced,60,12
49,Beginner vs Advanced,Advanced,61,12
41,Beginner vs Advanced,Advanced,58,17
46,Beginner vs Advanced,Advanced,64,18
44,Beginner vs Advanced,Advanced,61,17
41,Beginner vs Advanced,Advanced,62,21
34,Beginner vs Advanced,Advanced,59,25
44,Beginner vs Advanced,Advanced,62,18
39,Beginner vs Advanced,Advanced,59,20
42,Beginner vs Advanced,Advanced,58,16
37,Beginner vs Advanced,Advanced,56,19
34,Beginner vs Advanced,Advanced,56,22
39,Beginner vs Advanced,Advanced,57,18
31,Beginner vs Advanced,Advanced,57,26
45,Beginner vs Advanced,Advanced,61,16
36,Beginner vs Advanced,Advanced,56,20
47,Beginner vs Advanced,Advanced,64,17
38,Beginner vs Advanced,Advanced,59,21
34,Beginner vs Advanced,Advanced,55,21
37,Beginner vs Advanced,Advanced,58,21
48,Beginner vs Advanced,Advanced,65,17
37,Beginner vs Advanced,Advanced,58,21
36,Beginner vs Advanced,Advanced,54,18
35,Beginner vs Advanced,Advanced,58,23
40,Beginner vs Advanced,Advanced,61,21
38,Beginner vs Advanced,Advanced,59,21
41,Beginner vs Advanced,Advanced,58,17
37,Beginner vs Advanced,Advanced,56,19
36,Beginner vs Advanced,Advanced,59,23
42,Beginner vs Advanced,Advanced,61,19
41,Beginner vs Advanced,Advanced,59,18
28,Beginner vs Advanced,Advanced,52,24
46,Beginner vs Advanced,Advanced,62,16
40,Beginner vs Advanced,Advanced,57,17
33,Beginner vs Advanced,Advanced,57,24
44,Beginner vs Advanced,Advanced,61,17
41,Beginner vs Advanced,Advanced,57,16
37,Beginner vs Advanced,Advanced,58,21
38,Beginner vs Advanced,Advanced,60,22
38,Beginner vs Advanced,Advanced,60,22
43,Beginner vs Advanced,Advanced,61,18
37,Beginner vs Advanced,Advanced,59,22
31,Beginner vs Advanced,Advanced,56,25
45,Beginner vs Advanced,Advanced,62,17
39,Beginner vs Advanced,Advanced,60,21
32,Beginner vs Advanced,Advanced,56,24
36,Beginner vs Advanced,Advanced,56,20
29,Beginner vs Advanced,Advanced,53,24
28,Beginner vs Advanced,Advanced,55,27
28,Beginner vs Advanced,Advanced,57,29
37,Beginner vs Advanced,Advanced,60,23
42,Beginner vs Advanced,Advanced,60,18
33,Beginner vs Advanced,Advanced,57,24
41,Beginner vs Advanced,Advanced,59,18
26,Beginner vs Advanced,Advanced,54,28
41,Beginner vs Advanced,Advanced,58,17
36,Beginner vs Advanced,Advanced,57,21
41,Beginner vs Advanced,Advanced,57,16
33,Beginner vs Advanced,Advanced,54,21
32,Beginner vs Advanced,Advanced,56,24
28,Beginner vs Advanced,Advanced,54,26
43,Beginner vs Advanced,Advanced,61,18
41,Beginner vs Advanced,Advanced,61,20
32,Beginner vs Advanced,Advanced,56,24
39,Beginner vs Advanced,Advanced,60,21
29,Beginner vs Advanced,Advanced,57,28
41,Beginner vs Advanced,Advanced,59,18
33,Beginner vs Advanced,Advanced,56,23
35,Beginner vs Advanced,Advanced,56,21
41,Beginner vs Advanced,Advanced,60,19
42,Beginner vs Advanced,Advanced,59,17
34,Beginner vs Advanced,Advanced,57,23
34,Beginner vs Advanced,Advanced,59,25
36,Beginner vs Advanced,Advanced,58,22
41,Beginner vs Advanced,Advanced,58,17
40,Beginner vs Advanced,Advanced,57,17
36,Beginner vs Advanced,Advanced,58,22
36,Beginner vs Advanced,Advanced,61,25
37,Beginner vs Advanced,Advanced,54,17
32,Beginner vs Advanced,Advanced,54,22
37,Beginner vs Advanced,Advanced,60,23
35,Beginner vs Advanced,Advanced,54,19
28,Beginner vs Advanced,Advanced,56,28
31,Beginner vs Advanced,Advanced,53,22
40,Beginner vs Advanced,Advanced,58,18
40,Beginner vs Advanced,Advanced,58,18
42,Beginner vs Advanced,Advanced,59,17
42,Beginner vs Advanced,Advanced,60,18
39,Beginner vs Advanced,Advanced,60,21
37,Beginner vs Advanced,Advanced,59,22
37,Beginner vs Advanced,Advanced,57,20
35,Beginner vs Advanced,Advanced,59,24
35,Beginner vs Advanced,Advanced,57,22
38,Beginner vs Advanced,Advanced,58,20
42,Beginner vs Advanced,Advanced,62,20
32,Beginner vs Advanced,Advanced,58,26
35,Beginner vs Advanced,Advanced,57,22
31,Beginner vs Advanced,Advanced,56,25
41,Beginner vs Advanced,Advanced,61,20
30,Beginner vs Advanced,Advanced,55,25
41,Beginner vs Advanced,Advanced,61,20
37,Beginner vs Advanced,Advanced,58,21
35,Beginner vs Advanced,Advanced,58,23
31,Beginner vs Advanced,Advanced,56,25
37,Beginner vs Advanced,Advanced,58,21
39,Beginner vs Advanced,Advanced,56,17
31,Beginner vs Advanced,Advanced,57,26
42,Beginner vs Advanced,Advanced,61,19
34,Beginner vs Advanced,Advanced,58,24
42,Beginner vs Advanced,Advanced,60,18
34,Beginner vs Advanced,Advanced,58,24
39,Beginner vs Advanced,Advanced,58,19
35,Beginner vs Advanced,Advanced,57,22
42,Beginner vs Advanced,Advanced,61,19
42,Beginner vs Advanced,Advanced,59,17
29,Beginner vs Advanced,Advanced,56,27
39,Beginner vs Advanced,Advanced,58,19
38,Beginner vs Advanced,Advanced,57,19
39,Beginner vs Advanced,Advanced,54,15
40,Beginner vs Advanced,Advanced,60,20
43,Beginner vs Advanced,Advanced,61,18
34,Beginner vs Advanced,Advanced,55,21
41,Beginner vs Advanced,Advanced,59,18
32,Beginner vs Advanced,Advanced,53,21
33,Beginner vs Advanced,Advanced,54,21
39,Beginner vs Advanced,Advanced,55,16
36,Beginner vs Advanced,Advanced,58,22
38,Beginner vs Advanced,Advanced,58,20
36,Beginner vs Advanced,Advanced,57,21
37,Beginner vs Advanced,Advanced,54,17
32,Beginner vs Advanced,Advanced,59,27
31,Beginner vs Advanced,Advanced,55,24
35,Beginner vs Advanced,Advanced,57,22
40,Beginner vs Advanced,Advanced,59,19
33,Beginner vs Advanced,Advanced,56,23
31,Beginner vs Advanced,Advanced,55,24
32,Beginner vs Advanced,Advanced,56,24
47,Beginner vs Advanced,Advanced,61,14
38,Beginner vs Advanced,Advanced,59,21
43,Beginner vs Advanced,Advanced,59,16
36,Beginner vs Advanced,Advanced,58,22
35,Beginner vs Advanced,Advanced,57,22
33,Beginner vs Advanced,Advanced,56,23
36,Beginner vs Advanced,Advanced,58,22
34,Beginner vs Advanced,Advanced,58,24
39,Beginner vs Advanced,Advanced,61,22
30,Beginner vs Advanced,Advanced,55,25
39,Beginner vs Advanced,Advanced,59,20
37,Beginner vs Advanced,Advanced,56,19
33,Beginner vs Advanced,Advanced,55,22
39,Beginner vs Advanced,Advanced,54,15
39,Beginner vs Advanced,Advanced,60,21
35,Beginner vs Advanced,Advanced,57,22
44,Beginner vs Advanced,Advanced,61,17
36,Beginner vs Advanced,Advanced,55,19
39,Beginner vs Advanced,Advanced,61,22
42,Beginner vs Advanced,Advanced,63,21
28,Beginner vs Advanced,Advanced,52,24
31,Beginner vs Advanced,Advanced,53,22
34,Beginner vs Advanced,Advanced,57,23
31,Beginner vs Advanced,Advanced,55,24
24,Beginner vs Advanced,Advanced,55,31
40,Beginner vs Advanced,Advanced,58,18
42,Beginner vs Advanced,Advanced,61,19
36,Beginner vs Advanced,Advanced,58,22
37,Beginner vs Advanced,Advanced,56,19
32,Beginner vs Advanced,Advanced,55,23
38,Beginner vs Advanced,Advanced,57,19
34,Beginner vs Advanced,Advanced,58,24
39,Beginner vs Advanced,Advanced,61,22
30,Beginner vs Advanced,Advanced,55,25
37,Beginner vs Advanced,Advanced,56,19
33,Beginner vs Advanced,Advanced,56,23
33,Beginner vs Advanced,Advanced,56,23
42,Beginner vs Advanced,Advanced,61,19
29,Beginner vs Advanced,Advanced,56,27
37,Beginner vs Advanced,Advanced,57,20
39,Beginner vs Advanced,Advanced,60,21
32,Beginner vs Advanced,Advanced,56,24
43,Beginner vs Advanced,Advanced,62,19
41,Beginner vs Advanced,Advanced,62,21
32,Beginner vs Advanced,Advanced,59,27
42,Beginner vs Advanced,Advanced,59,17
48,Beginner vs Advanced,Advanced,64,16
32,Beginner vs Advanced,Advanced,53,21
36,Beginner vs Advanced,Advanced,60,24
35,Beginner vs Advanced,Advanced,57,22
44,Beginner vs Advanced,Advanced,60,16
37,Beginner vs Advanced,Advanced,57,20
29,Beginner vs Advanced,Advanced,56,27
44,Beginner vs Advanced,Advanced,62,18
46,Beginner vs Advanced,Advanced,60,14
43,Beginner vs Advanced,Advanced,59,16
39,Beginner vs Advanced,Advanced,58,19
28,Beginner vs Advanced,Advanced,56,28
32,Beginner vs Advanced,Advanced,56,24
31,Beginner vs Advanced,Advanced,54,23
38,Beginner vs Advanced,Advanced,59,21
40,Beginner vs Advanced,Advanced,59,19
38,Beginner vs Advanced,Advanced,59,21
34,Beginner vs Advanced,Advanced,59,25
41,Beginner vs Advanced,Advanced,58,17
33,Beginner vs Advanced,Advanced,56,23
42,Beginner vs Advanced,Advanced,60,18
43,Beginner vs Advanced,Advanced,59,16
36,Beginner vs Advanced,Advanced,58,22
36,Beginner vs Advanced,Advanced,60,24
27,Beginner vs Advanced,Advanced,55,28
40,Beginner vs Advanced,Advanced,59,19
41,Beginner vs Advanced,Advanced,59,18
38,Beginner vs Advanced,Advanced,61,23
37,Beginner vs Advanced,Advanced,60,23
35,Beginner vs Advanced,Advanced,58,23
40,Beginner vs Advanced,Advanced,60,20
29,Beginner vs Advanced,Advanced,56,27
36,Beginner vs Advanced,Advanced,57,21
30,Beginner vs Advanced,Advanced,54,24
40,Beginner vs Advanced,Advanced,60,20
37,Beginner vs Advanced,Advanced,58,21
41,Beginner vs Advanced,Advanced,59,18
37,Beginner vs Advanced,Advanced,62,25
32,Beginner vs Advanced,Advanced,56,24
42,Beginner vs Advanced,Advanced,62,20
36,Beginner vs Advanced,Advanced,55,19
39,Beginner vs Advanced,Advanced,60,21
36,Beginner vs Advanced,Advanced,55,19
43,Beginner vs Advanced,Advanced,60,17
37,Beginner vs Advanced,Advanced,57,20
34,Beginner vs Advanced,Advanced,55,21
44,Beginner vs Advanced,Advanced,62,18
30,Beginner vs Advanced,Advanced,57,27
37,Beginner vs Advanced,Advanced,61,24
39,Beginner vs Advanced,Advanced,58,19
33,Beginner vs Advanced,Advanced,55,22
37,Beginner vs Advanced,Advanced,59,22
38,Beginner vs Advanced,Advanced,57,19
31,Beginner vs Advanced,Advanced,57,26
43,Beginner vs Advanced,Advanced,59,16
41,Beginner vs Advanced,Advanced,61,20
35,Beginner vs Advanced,Advanced,57,22
34,Beginner vs Advanced,Advanced,54,20
36,Beginner vs Advanced,Advanced,58,22
29,Beginner vs Advanced,Advanced,56,27
39,Beginner vs Advanced,Advanced,58,19
30,Beginner vs Advanced,Advanced,56,26
38,Beginner vs Advanced,Advanced,54,16
29,Beginner vs Advanced,Advanced,56,27
37,Beginner vs Advanced,Advanced,58,21
45,Beginner vs Advanced,Advanced,61,16
36,Beginner vs Advanced,Advanced,58,22
30,Beginner vs Advanced,Advanced,56,26
39,Beginner vs Advanced,Advanced,60,21
40,Beginner vs Advanced,Advanced,60,20
33,Beginner vs Advanced,Advanced,57,24
29,Beginner vs Advanced,Advanced,55,26
34,Beginner vs Advanced,Advanced,56,22
28,Beginner vs Advanced,Advanced,55,27
37,Beginner vs Advanced,Advanced,60,23
28,Beginner vs Advanced,Advanced,54,26
50,Beginner vs Advanced,Advanced,64,14
33,Beginner vs Advanced,Advanced,56,23
27,Beginner vs Advanced,Advanced,53,26
38,Beginner vs Advanced,Advanced,60,22
38,Beginner vs Advanced,Advanced,58,20
39,Beginner vs Advanced,Advanced,58,19
39,Beginner vs Advanced,Advanced,58,19
44,Beginner vs Advanced,Advanced,60,16
30,Beginner vs Advanced,Advanced,55,25
43,Beginner vs Advanced,Advanced,62,19
32,Beginner vs Advanced,Advanced,56,24
40,Beginner vs Advanced,Advanced,61,21
39,Beginner vs Advanced,Advanced,56,17
31,Beginner vs Advanced,Advanced,55,24
30,Beginner vs Advanced,Advanced,53,23
36,Beginner vs Advanced,Advanced,59,23
37,Beginner vs Advanced,Advanced,61,24
37,Beginner vs Advanced,Advanced,62,25
45,Beginner vs Advanced,Advanced,60,15
33,Beginner vs Advanced,Advanced,53,20
40,Beginner vs Advanced,Advanced,59,19
36,Beginner vs Advanced,Advanced,59,23
27,Beginner vs Advanced,Advanced,53,26
34,Beginner vs Advanced,Advanced,60,26
38,Beginner vs Advanced,Advanced,60,22
42,Beginner vs Advanced,Advanced,62,20
42,Beginner vs Advanced,Advanced,60,18
36,Beginner vs Advanced,Advanced,57,21
24,Beginner vs Advanced,Advanced,52,28
28,Beginner vs Advanced,Advanced,56,28
40,Beginner vs Advanced,Advanced,59,19
31,Beginner vs Advanced,Advanced,55,24
29,Beginner vs Advanced,Advanced,57,28
34,Beginner vs Advanced,Advanced,59,25
40,Beginner vs Advanced,Advanced,60,20
39,Beginner vs Advanced,Advanced,62,23
36,Beginner vs Advanced,Advanced,58,22
39,Beginner vs Advanced,Advanced,58,19
41,Beginner vs Advanced,Advanced,59,18
35,Beginner vs Advanced,Advanced,57,22
38,Beginner vs Advanced,Advanced,58,20
31,Beginner vs Advanced,Advanced,55,24
42,Beginner vs Advanced,Advanced,60,18
35,Beginner vs Advanced,Advanced,57,22
47,Beginner vs Advanced,Advanced,60,13
32,Beginner vs Advanced,Advanced,56,24
36,Beginner vs Advanced,Advanced,56,20
32,Beginner vs Advanced,Advanced,56,24
32,Beginner vs Advanced,Advanced,58,26
44,Beginner vs Advanced,Advanced,64,20
34,Beginner vs Advanced,Advanced,57,23
37,Beginner vs Advanced,Advanced,58,21
23,Beginner vs Advanced,Advanced,54,31
38,Beginner vs Advanced,Advanced,59,21
34,Beginner vs Advanced,Advanced,53,19
41,Beginner vs Advanced,Advanced,61,20
30,Beginner vs Advanced,Advanced,54,24
30,Beginner vs Advanced,Advanced,57,27
40,Beginner vs Advanced,Advanced,60,20
36,Beginner vs Advanced,Advanced,58,22
39,Beginner vs Advanced,Advanced,57,18
37,Beginner vs Advanced,Advanced,55,18
37,Beginner vs Advanced,Advanced,58,21
28,Beginner vs Advanced,Advanced,57,29
40,Beginner vs Advanced,Advanced,59,19
38,Beginner vs Advanced,Advanced,59,21
37,Beginner vs Advanced,Advanced,56,19
39,Beginner vs Advanced,Advanced,57,18
45,Beginner vs Advanced,Advanced,62,17
30,Beginner vs Advanced,Advanced,55,25
41,Beginner vs Advanced,Advanced,59,18
41,Beginner vs Advanced,Advanced,61,20
37,Beginner vs Advanced,Advanced,57,20
34,Beginner vs Advanced,Advanced,58,24
33,Beginner vs Advanced,Advanced,57,24
42,Beginner vs Advanced,Advanced,60,18
34,Beginner vs Advanced,Advanced,56,22
39,Beginner vs Advanced,Advanced,60,21
41,Beginner vs Advanced,Advanced,60,19
27,Beginner vs Advanced,Advanced,55,28
37,Beginner vs Advanced,Advanced,58,21
36,Beginner vs Advanced,Advanced,59,23
35,Beginner vs Advanced,Advanced,58,23
33,Beginner vs Advanced,Advanced,58,25
43,Beginner vs Advanced,Advanced,57,14
38,Beginner vs Advanced,Advanced,59,21
34,Beginner vs Advanced,Advanced,57,23
38,Beginner vs Advanced,Advanced,58,20
43,Beginner vs Advanced,Advanced,61,18
33,Beginner vs Advanced,Advanced,57,24
39,Beginner vs Advanced,Advanced,59,20
37,Beginner vs Advanced,Advanced,60,23
35,Beginner vs Advanced,Advanced,56,21
39,Beginner vs Advanced,Advanced,60,21
37,Beginner vs Advanced,Advanced,61,24
33,Beginner vs Advanced,Advanced,53,20
35,Beginner vs Advanced,Advanced,56,21
42,Beginner vs Advanced,Advanced,60,18
35,Beginner vs Advanced,Advanced,56,21
32,Beginner vs Advanced,Advanced,54,22
37,Beginner vs Advanced,Advanced,57,20
38,Beginner vs Advanced,Advanced,60,22
37,Beginner vs Advanced,Advanced,59,22
36,Beginner vs Advanced,Advanced,57,21
25,Beginner vs Advanced,Advanced,55,30
37,Beginner vs Advanced,Advanced,58,21
37,Beginner vs Advanced,Advanced,57,20
30,Beginner vs Advanced,Advanced,55,25
39,Beginner vs Advanced,Advanced,60,21
44,Beginner vs Advanced,Advanced,62,18
45,Beginner vs Advanced,Advanced,61,16
36,Beginner vs Advanced,Advanced,58,22
23,Beginner vs Advanced,Advanced,54,31
31,Beginner vs Advanced,Advanced,57,26
32,Beginner vs Advanced,Advanced,55,23
24,Beginner vs Advanced,Advanced,51,27
36,Beginner vs Advanced,Advanced,59,23
33,Beginner vs Advanced,Advanced,54,21
36,Beginner vs Advanced,Advanced,57,21
32,Beginner vs Advanced,Advanced,58,26
43,Beginner vs Advanced,Advanced,58,15
29,Beginner vs Advanced,Advanced,54,25
35,Beginner vs Advanced,Advanced,58,23
42,Beginner vs Advanced,Advanced,60,18
31,Beginner vs Advanced,Advanced,58,27
36,Beginner vs Advanced,Advanced,59,23
31,Beginner vs Advanced,Advanced,55,24
33,Beginner vs Advanced,Advanced,56,23
45,Beginner vs Advanced,Advanced,61,16
26,Beginner vs Advanced,Advanced,53,27
42,Beginner vs Advanced,Advanced,56,14
37,Beginner vs Advanced,Advanced,58,21
29,Beginner vs Advanced,Advanced,55,26
38,Beginner vs Advanced,Advanced,60,22
37,Beginner vs Advanced,Advanced,60,23
25,Beginner vs Advanced,Advanced,54,29
35,Beginner vs Advanced,Advanced,55,20
31,Beginner vs Advanced,Advanced,55,24
35,Beginner vs Advanced,Advanced,59,24
38,Beginner vs Advanced,Advanced,61,23
36,Beginner vs Advanced,Advanced,58,22
40,Beginner vs Advanced,Advanced,57,17
41,Beginner vs Advanced,Advanced,60,19
37,Beginner vs Advanced,Advanced,60,23
39,Beginner vs Advanced,Advanced,61,22
33,Beginner vs Advanced,Advanced,55,22
44,Beginner vs Advanced,Advanced,62,18
41,Beginner vs Advanced,Advanced,61,20
37,Beginner vs Advanced,Advanced,58,21
39,Beginner vs Advanced,Advanced,59,20
38,Beginner vs Advanced,Advanced,57,19
39,Beginner vs Advanced,Advanced,60,21
31,Beginner vs Advanced,Advanced,59,28
29,Beginner vs Advanced,Advanced,55,26
38,Beginner vs Advanced,Advanced,53,15
38,Beginner vs Advanced,Advanced,57,19
36,Beginner vs Advanced,Advanced,59,23
35,Beginner vs Advanced,Advanced,58,23
38,Beginner vs Advanced,Advanced,61,23
23,Beginner vs Advanced,Advanced,54,31
50,Beginner vs Advanced,Advanced,63,13
36,Beginner vs Advanced,Advanced,57,21
29,Beginner vs Advanced,Advanced,56,27
28,Beginner vs Advanced,Advanced,55,27
42,Beginner vs Advanced,Advanced,62,20
34,Beginner vs Advanced,Advanced,56,22
30,Beginner vs Advanced,Advanced,57,27
33,Beginner vs Advanced,Advanced,56,23
31,Beginner vs Advanced,Advanced,53,22
36,Beginner vs Advanced,Advanced,57,21
34,Beginner vs Advanced,Advanced,57,23
35,Beginner vs Advanced,Advanced,57,22
33,Beginner vs Advanced,Advanced,55,22
38,Beginner vs Advanced,Advanced,59,21
39,Beginner vs Advanced,Advanced,64,25
41,Beginner vs Advanced,Advanced,60,19
39,Beginner vs Advanced,Advanced,58,19
33,Beginner vs Advanced,Advanced,56,23
43,Beginner vs Advanced,Advanced,61,18
34,Beginner vs Advanced,Advanced,57,23
37,Beginner vs Advanced,Advanced,57,20
28,Beginner vs Advanced,Advanced,55,27
33,Beginner vs Advanced,Advanced,57,24
33,Beginner vs Advanced,Advanced,56,23
31,Beginner vs Advanced,Advanced,56,25
28,Beginner vs Advanced,Advanced,53,25
28,Beginner vs Advanced,Advanced,52,24
40,Beginner vs Advanced,Advanced,58,18
34,Beginner vs Advanced,Advanced,57,23
36,Beginner vs Advanced,Advanced,58,22
39,Beginner vs Advanced,Advanced,56,17
36,Beginner vs Advanced,Advanced,57,21
48,Beginner vs Advanced,Advanced,64,16
40,Beginner vs Advanced,Advanced,60,20
32,Beginner vs Advanced,Advanced,56,24
29,Beginner vs Advanced,Advanced,56,27
37,Beginner vs Advanced,Advanced,58,21
41,Beginner vs Advanced,Advanced,58,17
41,Beginner vs Advanced,Advanced,58,17
39,Beginner vs Advanced,Advanced,56,17
38,Beginner vs Advanced,Advanced,60,22
36,Beginner vs Advanced,Advanced,55,19
29,Beginner vs Advanced,Advanced,54,25
25,Beginner vs Advanced,Advanced,53,28
33,Beginner vs Advanced,Advanced,57,24
25,Beginner vs Advanced,Advanced,52,27
41,Beginner vs Advanced,Advanced,59,18
37,Beginner vs Advanced,Advanced,57,20
31,Beginner vs Advanced,Advanced,57,26
36,Beginner vs Advanced,Advanced,55,19
35,Beginner vs Advanced,Advanced,58,23
42,Beginner vs Advanced,Advanced,62,20
38,Beginner vs Advanced,Advanced,59,21
45,Beginner vs Advanced,Advanced,62,17
43,Beginner vs Advanced,Advanced,64,21
38,Beginner vs Advanced,Advanced,60,22
44,Beginner vs Advanced,Advanced,59,15
40,Beginner vs Advanced,Advanced,59,19
42,Beginner vs Advanced,Advanced,59,17
34,Beginner vs Advanced,Advanced,60,26
35,Beginner vs Advanced,Advanced,58,23
42,Beginner vs Advanced,Advanced,64,22
35,Beginner vs Advanced,Advanced,57,22
36,Beginner vs Advanced,Advanced,56,20
39,Beginner vs Advanced,Advanced,60,21
33,Beginner vs Advanced,Advanced,54,21
40,Beginner vs Advanced,Advanced,57,17
34,Beginner vs Advanced,Advanced,56,22
36,Beginner vs Advanced,Advanced,57,21
40,Beginner vs Advanced,Advanced,59,19
38,Beginner vs Advanced,Advanced,60,22
34,Beginner vs Advanced,Advanced,54,20
39,Beginner vs Advanced,Advanced,57,18
35,Beginner vs Advanced,Advanced,57,22
35,Beginner vs Advanced,Advanced,56,21
36,Beginner vs Advanced,Advanced,57,21
26,Beginner vs Advanced,Advanced,54,28
29,Beginner vs Advanced,Advanced,56,27
30,Beginner vs Advanced,Advanced,56,26
35,Beginner vs Advanced,Advanced,59,24
35,Beginner vs Advanced,Advanced,62,27
28,Beginner vs Advanced,Advanced,56,28
48,Beginner vs Advanced,Advanced,62,14
33,Beginner vs Advanced,Advanced,55,22
39,Beginner vs Advanced,Advanced,59,20
41,Beginner vs Advanced,Advanced,60,19
41,Beginner vs Advanced,Advanced,60,19
38,Beginner vs Advanced,Advanced,58,20
35,Beginner vs Advanced,Advanced,58,23
46,Beginner vs Advanced,Advanced,61,15
44,Beginner vs Advanced,Advanced,62,18
29,Beginner vs Advanced,Advanced,55,26
38,Beginner vs Advanced,Advanced,61,23
36,Beginner vs Advanced,Advanced,58,22
35,Beginner vs Advanced,Advanced,56,21
35,Beginner vs Advanced,Advanced,57,22
36,Beginner vs Advanced,Advanced,58,22
45,Beginner vs Advanced,Advanced,60,15
24,Beginner vs Advanced,Advanced,54,30
39,Beginner vs Advanced,Advanced,56,17
41,Beginner vs Advanced,Advanced,61,20
31,Beginner vs Advanced,Advanced,55,24
40,Beginner vs Advanced,Advanced,59,19
35,Beginner vs Advanced,Advanced,57,22
28,Beginner vs Advanced,Advanced,53,25
45,Beginner vs Advanced,Advanced,63,18
38,Beginner vs Advanced,Advanced,56,18
42,Beginner vs Advanced,Advanced,60,18
36,Beginner vs Advanced,Advanced,58,22
36,Beginner vs Advanced,Advanced,61,25
32,Beginner vs Advanced,Advanced,56,24
28,Beginner vs Advanced,Advanced,53,25
42,Beginner vs Advanced,Advanced,60,18
46,Beginner vs Advanced,Advanced,63,17
28,Beginner vs Advanced,Advanced,52,24
40,Beginner vs Advanced,Advanced,60,20
34,Beginner vs Advanced,Advanced,60,26
35,Beginner vs Advanced,Advanced,58,23
44,Beginner vs Advanced,Advanced,59,15
32,Beginner vs Advanced,Advanced,56,24
30,Beginner vs Advanced,Advanced,57,27
43,Beginner vs Advanced,Advanced,59,16
44,Beginner vs Advanced,Advanced,63,19
35,Beginner vs Advanced,Advanced,56,21
35,Beginner vs Advanced,Advanced,56,21
47,Beginner vs Advanced,Advanced,62,15
39,Beginner vs Advanced,Advanced,59,20
36,Beginner vs Advanced,Advanced,55,19
35,Beginner vs Advanced,Advanced,58,23
35,Beginner vs Advanced,Advanced,58,23
34,Beginner vs Advanced,Advanced,56,22
37,Beginner vs Advanced,Advanced,58,21
30,Beginner vs Advanced,Advanced,55,25
41,Beginner vs Advanced,Advanced,59,18
32,Beginner vs Advanced,Advanced,56,24
37,Beginner vs Advanced,Advanced,58,21
47,Beginner vs Advanced,Advanced,62,15
31,Beginner vs Advanced,Advanced,56,25
30,Beginner vs Advanced,Advanced,52,22
35,Beginner vs Advanced,Advanced,56,21
37,Beginner vs Advanced,Advanced,57,20
32,Beginner vs Advanced,Advanced,54,22
37,Beginner vs Advanced,Advanced,58,21
38,Beginner vs Advanced,Advanced,59,21
36,Beginner vs Advanced,Advanced,57,21
34,Beginner vs Advanced,Advanced,54,20
33,Beginner vs Advanced,Advanced,55,22
36,Beginner vs Advanced,Advanced,58,22
34,Beginner vs Advanced,Advanced,56,22
30,Beginner vs Advanced,Advanced,54,24
35,Beginner vs Advanced,Advanced,57,22
41,Beginner vs Advanced,Advanced,57,16
30,Beginner vs Advanced,Advanced,57,27
39,Beginner vs Advanced,Advanced,57,18
40,Beginner vs Advanced,Advanced,60,20
29,Beginner vs Advanced,Advanced,57,28
36,Beginner vs Advanced,Advanced,58,22
39,Beginner vs Advanced,Advanced,59,20
38,Beginner vs Advanced,Advanced,58,20
36,Beginner vs Advanced,Advanced,58,22
43,Beginner vs Advanced,Advanced,61,18
28,Beginner vs Advanced,Advanced,56,28
29,Beginner vs Advanced,Advanced,56,27
33,Beginner vs Advanced,Advanced,55,22
43,Beginner vs Advanced,Advanced,62,19
38,Beginner vs Advanced,Advanced,57,19
39,Beginner vs Advanced,Advanced,61,22
37,Beginner vs Advanced,Advanced,58,21
30,Beginner vs Advanced,Advanced,56,26
42,Beginner vs Advanced,Advanced,61,19
37,Beginner vs Advanced,Advanced,60,23
43,Beginner vs Advanced,Advanced,61,18
31,Beginner vs Advanced,Advanced,56,25
36,Beginner vs Advanced,Advanced,56,20
35,Beginner vs Advanced,Advanced,60,25
44,Beginner vs Advanced,Advanced,61,17
35,Beginner vs Advanced,Advanced,56,21
39,Beginner vs Advanced,Advanced,57,18
38,Beginner vs Advanced,Advanced,60,22
40,Beginner vs Advanced,Advanced,60,20
32,Beginner vs Advanced,Advanced,57,25
31,Beginner vs Advanced,Advanced,55,24
39,Beginner vs Advanced,Advanced,57,18
26,Beginner vs Advanced,Advanced,53,27
37,Beginner vs Advanced,Advanced,58,21
30,Beginner vs Advanced,Advanced,55,25
48,Beginner vs Advanced,Advanced,61,13
32,Beginner vs Advanced,Advanced,56,24
40,Beginner vs Advanced,Advanced,62,22
46,Beginner vs Advanced,Advanced,62,16
37,Beginner vs Advanced,Advanced,59,22
38,Beginner vs Advanced,Advanced,58,20
38,Beginner vs Advanced,Advanced,55,17
35,Beginner vs Advanced,Advanced,57,22
33,Beginner vs Advanced,Advanced,59,26
36,Beginner vs Advanced,Advanced,58,22
38,Beginner vs Advanced,Advanced,59,21
34,Beginner vs Advanced,Advanced,58,24
38,Beginner vs Advanced,Advanced,58,20
41,Beginner vs Advanced,Advanced,60,19
32,Beginner vs Advanced,Advanced,54,22
39,Beginner vs Advanced,Advanced,58,19
30,Beginner vs Advanced,Advanced,54,24
36,Beginner vs Advanced,Advanced,60,24
37,Beginner vs Advanced,Advanced,56,19
31,Beginner vs Advanced,Advanced,57,26
0,Beginner vs Random,No one,31,31
5,Beginner vs Random,Beginner,37,32
8,Beginner vs Random,Random,39,31
6,Beginner vs Random,Beginner,37,31
2,Beginner vs Random,Random,35,33
5,Beginner vs Random,Random,33,28
10,Beginner vs Random,Random,38,28
17,Beginner vs Random,Beginner,46,29
2,Beginner vs Random,Random,33,31
2,Beginner vs Random,Beginner,37,35
0,Beginner vs Random,No one,36,36
11,Beginner vs Random,Random,42,31
7,Beginner vs Random,Beginner,38,31
1,Beginner vs Random,Random,36,35
15,Beginner vs Random,Beginner,42,27
3,Beginner vs Random,Random,40,37
4,Beginner vs Random,Random,31,27
6,Beginner vs Random,Random,37,31
7,Beginner vs Random,Random,39,32
10,Beginner vs Random,Random,38,28
5,Beginner vs Random,Beginner,38,33
9,Beginner vs Random,Beginner,36,27
0,Beginner vs Random,No one,34,34
6,Beginner vs Random,Beginner,40,34
1,Beginner vs Random,Random,34,33
10,Beginner vs Random,Beginner,42,32
4,Beginner vs Random,Random,34,30
1,Beginner vs Random,Beginner,33,32
11,Beginner vs Random,Beginner,43,32
7,Beginner vs Random,Random,34,27
1,Beginner vs Random,Random,32,31
10,Beginner vs Random,Beginner,36,26
13,Beginner vs Random,Beginner,41,28
12,Beginner vs Random,Random,37,25
3,Beginner vs Random,Beginner,34,31
9,Beginner vs Random,Beginner,33,24
4,Beginner vs Random,Beginner,37,33
3,Beginner vs Random,Random,33,30
4,Beginner vs Random,Random,38,34
6,Beginner vs Random,Beginner,38,32
3,Beginner vs Random,Beginner,37,34
8,Beginner vs Random,Beginner,35,27
5,Beginner vs Random,Beginner,38,33
11,Beginner vs Random,Beginner,38,27
8,Beginner vs Random,Random,40,32
6,Beginner vs Random,Random,38,32
5,Beginner vs Random,Random,32,27
2,Beginner vs Random,Beginner,38,36
5,Beginner vs Random,Beginner,34,29
14,Beginner vs Random,Beginner,38,24
2,Beginner vs Random,Random,33,31
9,Beginner vs Random,Random,37,28
11,Beginner vs Random,Beginner,37,26
6,Beginner vs Random,Beginner,37,31
1,Beginner vs Random,Random,33,32
6,Beginner vs Random,Beginner,34,28
0,Beginner vs Random,No one,32,32
3,Beginner vs Random,Beginner,35,32
16,Beginner vs Random,Beginner,39,23
9,Beginner vs Random,Beginner,36,27
8,Beginner vs Random,Beginner,36,28
3,Beginner vs Random,Random,31,28
2,Beginner vs Random,Random,37,35
1,Beginner vs Random,Beginner,35,34
13,Beginner vs Random,Beginner,42,29
4,Beginner vs Random,Random,35,31
7,Beginner vs Random,Random,35,28
10,Beginner vs Random,Beginner,39,29
18,Beginner vs Random,Beginner,43,25
6,Beginner vs Random,Random,37,31
0,Beginner vs Random,No one,34,34
1,Beginner vs Random,Beginner,31,30
9,Beginner vs Random,Random,37,28
3,Beginner vs Random,Random,34,31
4,Beginner vs Random,Beginner,38,34
12,Beginner vs Random,Random,42,30
4,Beginner vs Random,Beginner,36,32
4,Beginner vs Random,Random,34,30
2,Beginner vs Random,Beginner,35,33
15,Beginner vs Random,Random,38,23
11,Beginner vs Random,Random,36,25
23,Beginner vs Random,Beginner,43,20
15,Beginner vs Random,Random,43,28
2,Beginner vs Random,Beginner,40,38
2,Beginner vs Random,Random,32,30
7,Beginner vs Random,Random,39,32
11,Beginner vs Random,Random,42,31
6,Beginner vs Random,Beginner,39,33
2,Beginner vs Random,Random,39,37
6,Beginner vs Random,Beginner,37,31
1,Beginner vs Random,Random,35,34
0,Beginner vs Random,No one,34,34
4,Beginner vs Random,Random,35,31
8,Beginner vs Random,Beginner,39,31
7,Beginner vs Random,Beginner,37,30
12,Beginner vs Random,Beginner,39,27
13,Beginner vs Random,Random,36,23
3,Beginner vs Random,Random,35,32
4,Beginner vs Random,Beginner,37,33
0,Beginner vs Random,No one,32,32
5,Beginner vs Random,Random,38,33
11,Beginner vs Random,Beginner,40,29
6,Beginner vs Random,Beginner,37,31
2,Beginner vs Random,Beginner,32,30
2,Beginner vs Random,Beginner,35,33
6,Beginner vs Random,Beginner,37,31
2,Beginner vs Random,Random,34,32
11,Beginner vs Random,Beginner,40,29
15,Beginner vs Random,Random,39,24
2,Beginner vs Random,Random,30,28
2,Beginner vs Random,Random,36,34
2,Beginner vs Random,Random,33,31
1,Beginner vs Random,Beginner,33,32
4,Beginner vs Random,Random,38,34
13,Beginner vs Random,Beginner,41,28
5,Beginner vs Random,Beginner,37,32
13,Beginner vs Random,Random,39,26
7,Beginner vs Random,Random,39,32
3,Beginner vs Random,Beginner,30,27
2,Beginner vs Random,Random,32,30
12,Beginner vs Random,Beginner,40,28
14,Beginner vs Random,Beginner,44,30
1,Beginner vs Random,Beginner,35,34
2,Beginner vs Random,Random,35,33
6,Beginner vs Random,Beginner,37,31
14,Beginner vs Random,Beginner,41,27
0,Beginner vs Random,No one,31,31
1,Beginner vs Random,Beginner,33,32
1,Beginner vs Random,Beginner,31,30
6,Beginner vs Random,Random,38,32
1,Beginner vs Random,Random,33,32
3,Beginner vs Random,Beginner,34,31
2,Beginner vs Random,Random,36,34
9,Beginner vs Random,Random,38,29
0,Beginner vs Random,No one,35,35
6,Beginner vs Random,Beginner,34,28
6,Beginner vs Random,Beginner,34,28
8,Beginner vs Random,Random,39,31
8,Beginner vs Random,Random,37,29
10,Beginner vs Random,Beginner,37,27
0,Beginner vs Random,No one,35,35
5,Beginner vs Random,Beginner,39,34
6,Beginner vs Random,Random,40,34
3,Beginner vs Random,Beginner,34,31
1,Beginner vs Random,Random,33,32
1,Beginner vs Random,Random,35,34
9,Beginner vs Random,Beginner,38,29
9,Beginner vs Random,Beginner,35,26
8,Beginner vs Random,Random,36,28
1,Beginner vs Random,Random,33,32
6,Beginner vs Random,Random,34,28
16,Beginner vs Random,Beginner,43,27
4,Beginner vs Random,Beginner,36,32
5,Beginner vs Random,Beginner,34,29
2,Beginner vs Random,Random,35,33
1,Beginner vs Random,Beginner,34,33
11,Beginner vs Random,Beginner,40,29
5,Beginner vs Random,Beginner,41,36
14,Beginner vs Random,Beginner,40,26
21,Beginner vs Random,Random,47,26
24,Beginner vs Random,Random,47,23
4,Beginner vs Random,Random,36,32
12,Beginner vs Random,Random,42,30
6,Beginner vs Random,Beginner,40,34
8,Beginner vs Random,Beginner,33,25
2,Beginner vs Random,Random,33,31
1,Beginner vs Random,Beginner,35,34
11,Beginner vs Random,Beginner,36,25
6,Beginner vs Random,Beginner,37,31
8,Beginner vs Random,Beginner,35,27
10,Beginner vs Random,Beginner,40,30
4,Beginner vs Random,Beginner,35,31
8,Beginner vs Random,Beginner,39,31
13,Beginner vs Random,Beginner,44,31
9,Beginner vs Random,Beginner,34,25
10,Beginner vs Random,Beginner,38,28
14,Beginner vs Random,Beginner,44,30
4,Beginner vs Random,Beginner,38,34
1,Beginner vs Random,Beginner,33,32
2,Beginner vs Random,Random,32,30
23,Beginner vs Random,Random,49,26
11,Beginner vs Random,Beginner,35,24
3,Beginner vs Random,Beginner,38,35
2,Beginner vs Random,Random,35,33
11,Beginner vs Random,Beginner,41,30
7,Beginner vs Random,Random,37,30
4,Beginner vs Random,Random,36,32
8,Beginner vs Random,Beginner,35,27
8,Beginner vs Random,Random,38,30
7,Beginner vs Random,Beginner,36,29
7,Beginner vs Random,Beginner,36,29
8,Beginner vs Random,Random,42,34
6,Beginner vs Random,Beginner,34,28
15,Beginner vs Random,Beginner,41,26
3,Beginner vs Random,Beginner,32,29
5,Beginner vs Random,Random,36,31
15,Beginner vs Random,Beginner,40,25
7,Beginner vs Random,Random,38,31
0,Beginner vs Random,No one,32,32
4,Beginner vs Random,Random,36,32
4,Beginner vs Random,Random,35,31
8,Beginner vs Random,Random,37,29
20,Beginner vs Random,Random,40,20
10,Beginner vs Random,Beginner,38,28
4,Beginner vs Random,Beginner,36,32
5,Beginner vs Random,Random,39,34
2,Beginner vs Random,Beginner,34,32
1,Beginner vs Random,Random,33,32
3,Beginner vs Random,Random,37,34
1,Beginner vs Random,Beginner,30,29
22,Beginner vs Random,Beginner,46,24
1,Beginner vs Random,Beginner,37,36
8,Beginner vs Random,Random,38,30
4,Beginner vs Random,Beginner,33,29
7,Beginner vs Random,Beginner,39,32
3,Beginner vs Random,Beginner,39,36
2,Beginner vs Random,Beginner,31,29
5,Beginner vs Random,Random,34,29
11,Beginner vs Random,Random,38,27
1,Beginner vs Random,Random,37,36
9,Beginner vs Random,Beginner,41,32
22,Beginner vs Random,Beginner,43,21
11,Beginner vs Random,Random,41,30
2,Beginner vs Random,Random,36,34
6,Beginner vs Random,Random,41,35
3,Beginner vs Random,Random,33,30
5,Beginner vs Random,Random,38,33
7,Beginner vs Random,Beginner,37,30
17,Beginner vs Random,Beginner,40,23
9,Beginner vs Random,Random,37,28
7,Beginner vs Random,Random,37,30
1,Beginner vs Random,Beginner,35,34
4,Beginner vs Random,Random,32,28
2,Beginner vs Random,Random,34,32
9,Beginner vs Random,Random,36,27
6,Beginner vs Random,Beginner,38,32
6,Beginner vs Random,Beginner,38,32
4,Beginner vs Random,Beginner,35,31
8,Beginner vs Random,Beginner,40,32
9,Beginner vs Random,Beginner,40,31
1,Beginner vs Random,Random,32,31
4,Beginner vs Random,Random,36,32
1,Beginner vs Random,Beginner,28,27
9,Beginner vs Random,Beginner,35,26
4,Beginner vs Random,Beginner,34,30
8,Beginner vs Random,Random,38,30
2,Beginner vs Random,Random,33,31
8,Beginner vs Random,Random,39,31
7,Beginner vs Random,Beginner,39,32
14,Beginner vs Random,Beginner,42,28
6,Beginner vs Random,Beginner,35,29
3,Beginner vs Random,Random,35,32
5,Beginner vs Random,Random,30,25
12,Beginner vs Random,Random,41,29
9,Beginner vs Random,Beginner,39,30
10,Beginner vs Random,Random,40,30
8,Beginner vs Random,Beginner,36,28
1,Beginner vs Random,Random,37,36
4,Beginner vs Random,Random,33,29
9,Beginner vs Random,Beginner,34,25
2,Beginner vs Random,Random,36,34
4,Beginner vs Random,Random,32,28
10,Beginner vs Random,Beginner,38,28
5,Beginner vs Random,Beginner,30,25
17,Beginner vs Random,Beginner,40,23
18,Beginner vs Random,Random,46,28
13,Beginner vs Random,Random,44,31
9,Beginner vs Random,Beginner,39,30
6,Beginner vs Random,Beginner,34,28
7,Beginner vs Random,Random,38,31
13,Beginner vs Random,Beginner,37,24
10,Beginner vs Random,Beginner,42,32
5,Beginner vs Random,Beginner,35,30
1,Beginner vs Random,Random,33,32
1,Beginner vs Random,Beginner,31,30
2,Beginner vs Random,Random,32,30
5,Beginner vs Random,Beginner,33,28
3,Beginner vs Random,Random,37,34
10,Beginner vs Random,Random,42,32
6,Beginner vs Random,Random,37,31
8,Beginner vs Random,Random,38,30
4,Beginner vs Random,Beginner,35,31
6,Beginner vs Random,Random,35,29
15,Beginner vs Random,Random,39,24
2,Beginner vs Random,Beginner,34,32
10,Beginner vs Random,Random,39,29
9,Beginner vs Random,Beginner,34,25
7,Beginner vs Random,Random,34,27
8,Beginner vs Random,Random,36,28
6,Beginner vs Random,Random,35,29
5,Beginner vs Random,Random,36,31
3,Beginner vs Random,Beginner,34,31
16,Beginner vs Random,Beginner,41,25
13,Beginner vs Random,Random,42,29
11,Beginner vs Random,Beginner,40,29
6,Beginner vs Random,Beginner,37,31
3,Beginner vs Random,Beginner,29,26
9,Beginner vs Random,Random,37,28
3,Beginner vs Random,Random,36,33
0,Beginner vs Random,No one,31,31
15,Beginner vs Random,Random,42,27
5,Beginner vs Random,Random,33,28
1,Beginner vs Random,Beginner,35,34
2,Beginner vs Random,Beginner,34,32
14,Beginner vs Random,Random,43,29
10,Beginner vs Random,Random,38,28
2,Beginner vs Random,Random,31,29
1,Beginner vs Random,Beginner,33,32
7,Beginner vs Random,Random,35,28
2,Beginner vs Random,Random,34,32
9,Beginner vs Random,Random,37,28
14,Beginner vs Random,Random,39,25
6,Beginner vs Random,Random,38,32
8,Beginner vs Random,Random,37,29
1,Beginner vs Random,Beginner,35,34
5,Beginner vs Random,Beginner,36,31
1,Beginner vs Random,Random,36,35
18,Beginner vs Random,Beginner,41,23
6,Beginner vs Random,Beginner,38,32
3,Beginner vs Random,Random,36,33
3,Beginner vs Random,Random,32,29
11,Beginner vs Random,Beginner,42,31
4,Beginner vs Random,Random,33,29
7,Beginner vs Random,Random,36,29
8,Beginner vs Random,Beginner,37,29
20,Beginner vs Random,Random,36,16
10,Beginner vs Random,Random,39,29
7,Beginner vs Random,Beginner,39,32
9,Beginner vs Random,Random,36,27
6,Beginner vs Random,Beginner,38,32
8,Beginner vs Random,Beginner,34,26
11,Beginner vs Random,Random,41,30
8,Beginner vs Random,Beginner,39,31
11,Beginner vs Random,Beginner,41,30
5,Beginner vs Random,Random,37,32
10,Beginner vs Random,Beginner,39,29
7,Beginner vs Random,Random,33,26
2,Beginner vs Random,Random,35,33
3,Beginner vs Random,Beginner,35,32
6,Beginner vs Random,Beginner,39,33
8,Beginner vs Random,Beginner,40,32
7,Beginner vs Random,Beginner,37,30
3,Beginner vs Random,Random,33,30
3,Beginner vs Random,Beginner,39,36
7,Beginner vs Random,Beginner,35,28
3,Beginner vs Random,Random,31,28
0,Beginner vs Random,No one,33,33
4,Beginner vs Random,Random,35,31
9,Beginner vs Random,Random,40,31
8,Beginner vs Random,Random,39,31
2,Beginner vs Random,Random,34,32
3,Beginner vs Random,Random,33,30
0,Beginner vs Random,No one,38,38
6,Beginner vs Random,Beginner,38,32
5,Beginner vs Random,Random,37,32
3,Beginner vs Random,Random,35,32
9,Beginner vs Random,Random,42,33
12,Beginner vs Random,Random,41,29
6,Beginner vs Random,Beginner,39,33
4,Beginner vs Random,Beginner,32,28
8,Beginner vs Random,Beginner,37,29
6,Beginner vs Random,Beginner,37,31
5,Beginner vs Random,Random,35,30
17,Beginner vs Random,Beginner,45,28
3,Beginner vs Random,Random,34,31
13,Beginner vs Random,Random,43,30
22,Beginner vs Random,Random,43,21
4,Beginner vs Random,Random,31,27
9,Beginner vs Random,Random,36,27
7,Beginner vs Random,Random,40,33
5,Beginner vs Random,Random,32,27
21,Beginner vs Random,Beginner,46,25
9,Beginner vs Random,Random,40,31
1,Beginner vs Random,Beginner,35,34
1,Beginner vs Random,Random,35,34
7,Beginner vs Random,Beginner,37,30
6,Beginner vs Random,Random,35,29
1,Beginner vs Random,Beginner,34,33
2,Beginner vs Random,Beginner,34,32
9,Beginner vs Random,Random,37,28
5,Beginner vs Random,Beginner,34,29
7,Beginner vs Random,Random,39,32
7,Beginner vs Random,Beginner,37,30
14,Beginner vs Random,Random,38,24
2,Beginner vs Random,Random,37,35
5,Beginner vs Random,Beginner,36,31
4,Beginner vs Random,Random,34,30
10,Beginner vs Random,Random,39,29
5,Beginner vs Random,Random,39,34
5,Beginner vs Random,Random,36,31
4,Beginner vs Random,Beginner,35,31
1,Beginner vs Random,Beginner,36,35
5,Beginner vs Random,Random,39,34
7,Beginner vs Random,Beginner,35,28
7,Beginner vs Random,Beginner,36,29
1,Beginner vs Random,Random,31,30
2,Beginner vs Random,Random,36,34
14,Beginner vs Random,Random,42,28
17,Beginner vs Random,Random,45,28
6,Beginner vs Random,Beginner,35,29
17,Beginner vs Random,Random,39,22
2,Beginner vs Random,Random,35,33
4,Beginner vs Random,Beginner,34,30
5,Beginner vs Random,Random,35,30
21,Beginner vs Random,Random,49,28
2,Beginner vs Random,Random,32,30
11,Beginner vs Random,Random,38,27
5,Beginner vs Random,Random,37,32
10,Beginner vs Random,Random,40,30
6,Beginner vs Random,Random,38,32
9,Beginner vs Random,Beginner,40,31
13,Beginner vs Random,Random,40,27
11,Beginner vs Random,Random,36,25
0,Beginner vs Random,No one,37,37
2,Beginner vs Random,Beginner,32,30
9,Beginner vs Random,Random,41,32
20,Beginner vs Random,Random,46,26
7,Beginner vs Random,Random,32,25
4,Beginner vs Random,Random,34,30
13,Beginner vs Random,Beginner,38,25
5,Beginner vs Random,Random,33,28
2,Beginner vs Random,Beginner,29,27
14,Beginner vs Random,Random,42,28
16,Beginner vs Random,Random,42,26
9,Beginner vs Random,Beginner,41,32
2,Beginner vs Random,Random,38,36
5,Beginner vs Random,Random,37,32
1,Beginner vs Random,Random,32,31
5,Beginner vs Random,Random,39,34
12,Beginner vs Random,Random,38,26
4,Beginner vs Random,Beginner,32,28
7,Beginner vs Random,Beginner,39,32
4,Beginner vs Random,Random,33,29
4,Beginner vs Random,Random,38,34
4,Beginner vs Random,Random,30,26
4,Beginner vs Random,Random,38,34
23,Beginner vs Random,Random,45,22
3,Beginner vs Random,Random,34,31
17,Beginner vs Random,Beginner,42,25
8,Beginner vs Random,Beginner,37,29
8,Beginner vs Random,Beginner,39,31
17,Beginner vs Random,Random,43,26
3,Beginner vs Random,Random,32,29
5,Beginner vs Random,Random,40,35
6,Beginner vs Random,Beginner,34,28
2,Beginner vs Random,Beginner,39,37
0,Beginner vs Random,No one,34,34
7,Beginner vs Random,Random,37,30
1,Beginner vs Random,Random,34,33
2,Beginner vs Random,Beginner,30,28
1,Beginner vs Random,Beginner,35,34
1,Beginner vs Random,Random,34,33
8,Beginner vs Random,Random,39,31
3,Beginner vs Random,Beginner,34,31
4,Beginner vs Random,Beginner,37,33
2,Beginner vs Random,Random,35,33
10,Beginner vs Random,Beginner,39,29
8,Beginner vs Random,Random,36,28
4,Beginner vs Random,Random,39,35
13,Beginner vs Random,Beginner,37,24
8,Beginner vs Random,Random,38,30
19,Beginner vs Random,Beginner,44,25
4,Beginner vs Random,Random,33,29
5,Beginner vs Random,Beginner,34,29
0,Beginner vs Random,No one,32,32
12,Beginner vs Random,Random,37,25
1,Beginner vs Random,Random,36,35
8,Beginner vs Random,Beginner,36,28
15,Beginner vs Random,Beginner,38,23
17,Beginner vs Random,Random,40,23
1,Beginner vs Random,Beginner,32,31
1,Beginner vs Random,Beginner,29,28
2,Beginner vs Random,Beginner,34,32
1,Beginner vs Random,Beginner,34,33
3,Beginner vs Random,Random,34,31
12,Beginner vs Random,Random,38,26
8,Beginner vs Random,Beginner,37,29
11,Beginner vs Random,Random,38,27
14,Beginner vs Random,Beginner,40,26
0,Beginner vs Random,No one,33,33
13,Beginner vs Random,Random,39,26
2,Beginner vs Random,Random,32,30
8,Beginner vs Random,Random,40,32
6,Beginner vs Random,Random,42,36
1,Beginner vs Random,Random,31,30
0,Beginner vs Random,No one,29,29
9,Beginner vs Random,Random,40,31
12,Beginner vs Random,Beginner,40,28
4,Beginner vs Random,Random,38,34
10,Beginner vs Random,Beginner,36,26
3,Beginner vs Random,Random,40,37
5,Beginner vs Random,Random,33,28
2,Beginner vs Random,Random,33,31
2,Beginner vs Random,Beginner,33,31
5,Beginner vs Random,Random,37,32
3,Beginner vs Random,Random,35,32
3,Beginner vs Random,Beginner,29,26
3,Beginner vs Random,Random,38,35
2,Beginner vs Random,Random,35,33
4,Beginner vs Random,Beginner,39,35
5,Beginner vs Random,Random,36,31
1,Beginner vs Random,Random,30,29
7,Beginner vs Random,Beginner,39,32
8,Beginner vs Random,Random,30,22
8,Beginner vs Random,Random,34,26
1,Beginner vs Random,Random,35,34
2,Beginner vs Random,Random,34,32
11,Beginner vs Random,Beginner,40,29
2,Beginner vs Random,Random,36,34
4,Beginner vs Random,Random,35,31
4,Beginner vs Random,Random,32,28
2,Beginner vs Random,Beginner,33,31
3,Beginner vs Random,Random,36,33
10,Beginner vs Random,Beginner,40,30
1,Beginner vs Random,Beginner,37,36
11,Beginner vs Random,Beginner,39,28
5,Beginner vs Random,Beginner,34,29
2,Beginner vs Random,Random,31,29
2,Beginner vs Random,Random,35,33
4,Beginner vs Random,Random,36,32
4,Beginner vs Random,Random,33,29
6,Beginner vs Random,Beginner,40,34
3,Beginner vs Random,Beginner,35,32
0,Beginner vs Random,No one,32,32
2,Beginner vs Random,Random,36,34
8,Beginner vs Random,Beginner,37,29
5,Beginner vs Random,Beginner,35,30
16,Beginner vs Random,Random,35,19
15,Beginner vs Random,Beginner,39,24
2,Beginner vs Random,Random,37,35
1,Beginner vs Random,Random,34,33
10,Beginner vs Random,Beginner,42,32
1,Beginner vs Random,Random,35,34
0,Beginner vs Random,No one,31,31
4,Beginner vs Random,Beginner,36,32
6,Beginner vs Random,Random,33,27
0,Beginner vs Random,No one,30,30
2,Beginner vs Random,Random,37,35
6,Beginner vs Random,Random,38,32
6,Beginner vs Random,Random,35,29
8,Beginner vs Random,Beginner,39,31
1,Beginner vs Random,Beginner,34,33
2,Beginner vs Random,Random,33,31
6,Beginner vs Random,Random,35,29
7,Beginner vs Random,Beginner,34,27
3,Beginner vs Random,Random,38,35
3,Beginner vs Random,Random,38,35
0,Beginner vs Random,No one,34,34
3,Beginner vs Random,Random,38,35
7,Beginner vs Random,Random,40,33
11,Beginner vs Random,Beginner,38,27
9,Beginner vs Random,Beginner,36,27
5,Beginner vs Random,Random,35,30
15,Beginner vs Random,Random,40,25
1,Beginner vs Random,Beginner,29,28
2,Beginner vs Random,Random,33,31
8,Beginner vs Random,Beginner,37,29
11,Beginner vs Random,Random,39,28
11,Beginner vs Random,Random,40,29
7,Beginner vs Random,Random,35,28
2,Beginner vs Random,Beginner,34,32
6,Beginner vs Random,Random,34,28
16,Beginner vs Random,Beginner,44,28
0,Beginner vs Random,No one,33,33
1,Beginner vs Random,Beginner,35,34
6,Beginner vs Random,Beginner,38,32
8,Beginner vs Random,Random,37,29
3,Beginner vs Random,Random,37,34
3,Beginner vs Random,Random,31,28
4,Beginner vs Random,Beginner,32,28
3,Beginner vs Random,Beginner,29,26
10,Beginner vs Random,Random,37,27
4,Beginner vs Random,Beginner,32,28
3,Beginner vs Random,Random,34,31
3,Beginner vs Random,Random,36,33
3,Beginner vs Random,Beginner,32,29
10,Beginner vs Random,Random,37,27
1,Beginner vs Random,Random,34,33
5,Beginner vs Random,Beginner,37,32
20,Beginner vs Random,Beginner,46,26
21,Beginner vs Random,Random,41,20
6,Beginner vs Random,Beginner,40,34
4,Beginner vs Random,Random,37,33
7,Beginner vs Random,Random,33,26
8,Beginner vs Random,Beginner,36,28
11,Beginner vs Random,Beginner,37,26
10,Beginner vs Random,Beginner,38,28
14,Beginner vs Random,Beginner,38,24
6,Beginner vs Random,Beginner,39,33
1,Beginner vs Random,Random,34,33
0,Beginner vs Random,No one,38,38
5,Beginner vs Random,Random,36,31
0,Beginner vs Random,No one,32,32
3,Beginner vs Random,Random,32,29
15,Beginner vs Random,Beginner,38,23
3,Beginner vs Random,Beginner,37,34
0,Beginner vs Random,No one,34,34
3,Beginner vs Random,Beginner,36,33
6,Beginner vs Random,Random,35,29
9,Beginner vs Random,Beginner,35,26
0,Beginner vs Random,No one,31,31
7,Beginner vs Random,Beginner,40,33
13,Beginner vs Random,Random,38,25
4,Beginner vs Random,Random,38,34
1,Beginner vs Random,Beginner,33,32
13,Beginner vs Random,Random,40,27
2,Beginner vs Random,Random,40,38
17,Beginner vs Random,Beginner,48,31
0,Beginner vs Random,No one,33,33
5,Beginner vs Random,Random,35,30
4,Beginner vs Random,Beginner,37,33
5,Beginner vs Random,Beginner,38,33
7,Beginner vs Random,Beginner,36,29
6,Beginner vs Random,Random,35,29
5,Beginner vs Random,Random,39,34
1,Beginner vs Random,Beginner,31,30
6,Beginner vs Random,Random,35,29
1,Beginner vs Random,Beginner,36,35
0,Beginner vs Random,No one,35,35
1,Beginner vs Random,Random,41,40
3,Beginner vs Random,Beginner,36,33
1,Beginner vs Random,Random,36,35
14,Beginner vs Random,Random,40,26
8,Beginner vs Random,Beginner,34,26
3,Beginner vs Random,Random,34,31
6,Beginner vs Random,Random,30,24
4,Beginner vs Random,Beginner,28,24
5,Beginner vs Random,Random,35,30
8,Beginner vs Random,Beginner,38,30
21,Beginner vs Random,Random,42,21
8,Beginner vs Random,Random,35,27
0,Beginner vs Random,No one,33,33
9,Beginner vs Random,Beginner,42,33
1,Beginner vs Random,Beginner,35,34
2,Beginner vs Random,Beginner,42,40
11,Beginner vs Random,Random,36,25
9,Beginner vs Random,Beginner,35,26
6,Beginner vs Random,Beginner,35,29
1,Beginner vs Random,Random,36,35
10,Beginner vs Random,Random,40,30
6,Beginner vs Random,Beginner,39,33
3,Beginner vs Random,Beginner,34,31
2,Beginner vs Random,Random,32,30
12,Beginner vs Random,Beginner,39,27
6,Beginner vs Random,Random,40,34
20,Beginner vs Random,Random,46,26
3,Beginner vs Random,Beginner,31,28
3,Beginner vs Random,Beginner,36,33
12,Beginner vs Random,Random,39,27
13,Beginner vs Random,Beginner,38,25
5,Beginner vs Random,Beginner,36,31
1,Beginner vs Random,Beginner,37,36
3,Beginner vs Random,Beginner,32,29
14,Beginner vs Random,Beginner,40,26
13,Beginner vs Random,Random,39,26
7,Beginner vs Random,Beginner,37,30
3,Beginner vs Random,Beginner,34,31
5,Beginner vs Random,Beginner,33,28
1,Beginner vs Random,Beginner,36,35
1,Beginner vs Random,Random,31,30
7,Beginner vs Random,Random,37,30
8,Beginner vs Random,Random,35,27
10,Beginner vs Random,Random,38,28
8,Beginner vs Random,Random,34,26
4,Beginner vs Random,Beginner,35,31
2,Beginner vs Random,Beginner,32,30
5,Beginner vs Random,Random,36,31
8,Beginner vs Random,Random,35,27
10,Beginner vs Random,Random,36,26
4,Beginner vs Random,Beginner,34,30
10,Beginner vs Random,Beginner,41,31
7,Beginner vs Random,Beginner,37,30
0,Beginner vs Random,No one,31,31
15,Beginner vs Random,Random,42,27
2,Beginner vs Random,Random,37,35
3,Beginner vs Random,Beginner,33,30
9,Beginner vs Random,Beginner,41,32
12,Beginner vs Random,Random,41,29
9,Beginner vs Random,Random,37,28
4,Beginner vs Random,Random,31,27
11,Beginner vs Random,Beginner,41,30
18,Beginner vs Random,Random,39,21
7,Beginner vs Random,Beginner,38,31
3,Beginner vs Random,Random,37,34
9,Beginner vs Random,Beginner,40,31
4,Beginner vs Random,Random,37,33
4,Beginner vs Random,Beginner,35,31
4,Beginner vs Random,Beginner,36,32
3,Beginner vs Random,Beginner,35,32
9,Beginner vs Random,Random,41,32
1,Beginner vs Random,Random,31,30
3,Beginner vs Random,Beginner,35,32
7,Beginner vs Random,Random,40,33
1,Beginner vs Random,Random,36,35
3,Beginner vs Random,Random,36,33
11,Beginner vs Random,Random,38,27
5,Beginner vs Random,Random,36,31
8,Beginner vs Random,Random,39,31
2,Beginner vs Random,Random,36,34
3,Beginner vs Random,Random,31,28
8,Beginner vs Random,Beginner,41,33
1,Beginner vs Random,Beginner,36,35
11,Beginner vs Random,Random,39,28
13,Beginner vs Random,Beginner,40,27
4,Beginner vs Random,Beginner,34,30
2,Beginner vs Random,Beginner,30,28
3,Beginner vs Random,Beginner,33,30
5,Beginner vs Random,Beginner,33,28
0,Beginner vs Random,No one,29,29
6,Beginner vs Random,Beginner,38,32
3,Beginner vs Random,Beginner,30,27
3,Beginner vs Random,Beginner,33,30
1,Beginner vs Random,Random,35,34
12,Beginner vs Random,Random,40,28
6,Beginner vs Random,Beginner,35,29
7,Beginner vs Random,Random,33,26
1,Beginner vs Random,Beginner,34,33
10,Beginner vs Random,Random,35,25
12,Beginner vs Random,Beginner,37,25
2,Beginner vs Random,Random,36,34
1,Beginner vs Random,Random,33,32
7,Beginner vs Random,Random,35,28
7,Beginner vs Random,Beginner,38,31
4,Beginner vs Random,Beginner,35,31
7,Beginner vs Random,Random,36,29
15,Beginner vs Random,Beginner,42,27
1,Beginner vs Random,Beginner,33,32
2,Beginner vs Random,Beginner,33,31
16,Beginner vs Random,Beginner,41,25
9,Beginner vs Random,Beginner,40,31
6,Beginner vs Random,Random,33,27
0,Beginner vs Random,No one,31,31
10,Beginner vs Random,Random,39,29
12,Beginner vs Random,Random,39,27
8,Beginner vs Random,Random,37,29
0,Beginner vs Random,No one,33,33
11,Beginner vs Random,Random,40,29
21,Beginner vs Random,Beginner,43,22
26,Beginner vs Random,Beginner,48,22
5,Beginner vs Random,Beginner,36,31
12,Beginner vs Random,Beginner,38,26
1,Beginner vs Random,Beginner,35,34
7,Beginner vs Random,Beginner,35,28
4,Beginner vs Random,Beginner,32,28
5,Beginner vs Random,Beginner,36,31
5,Beginner vs Random,Random,36,31
5,Beginner vs Random,Beginner,36,31
5,Beginner vs Random,Beginner,34,29
3,Beginner vs Random,Random,34,31
15,Beginner vs Random,Beginner,41,26
9,Beginner vs Random,Beginner,37,28
7,Beginner vs Random,Random,38,31
7,Beginner vs Random,Random,36,29
7,Beginner vs Random,Beginner,38,31
14,Beginner vs Random,Beginner,42,28
3,Beginner vs Random,Random,35,32
7,Beginner vs Random,Beginner,38,31
7,Beginner vs Random,Random,37,30
6,Beginner vs Random,Random,38,32
3,Beginner vs Random,Beginner,35,32
3,Beginner vs Random,Random,33,30
8,Beginner vs Random,Random,37,29
6,Beginner vs Random,Beginner,36,30
7,Beginner vs Random,Random,39,32
0,Beginner vs Random,No one,33,33
3,Beginner vs Random,Beginner,33,30
8,Beginner vs Random,Beginner,41,33
1,Beginner vs Random,Beginner,35,34
12,Beginner vs Random,Beginner,45,33
9,Beginner vs Random,Random,33,24
14,Beginner vs Random,Beginner,40,26
12,Beginner vs Random,Beginner,41,29
14,Beginner vs Random,Beginner,43,29
4,Beginner vs Random,Random,32,28
4,Beginner vs Random,Beginner,36,32
10,Beginner vs Random,Random,40,30
4,Beginner vs Random,Beginner,34,30
5,Beginner vs Random,Beginner,33,28
6,Beginner vs Random,Random,31,25
5,Beginner vs Random,Random,35,30
5,Beginner vs Random,Beginner,35,30
3,Beginner vs Random,Random,35,32
5,Beginner vs Random,Random,34,29
7,Beginner vs Random,Random,31,24
8,Beginner vs Random,Random,39,31
18,Beginner vs Random,Beginner,43,25
2,Beginner vs Random,Beginner,32,30
5,Beginner vs Random,Random,36,31
5,Beginner vs Random,Beginner,38,33
7,Beginner vs Random,Random,37,30
15,Beginner vs Random,Random,43,28
12,Beginner vs Random,Beginner,39,27
3,Beginner vs Random,Beginner,31,28
7,Beginner vs Random,Random,34,27
6,Beginner vs Random,Random,37,31
9,Beginner vs Random,Beginner,38,29
8,Beginner vs Random,Random,40,32
3,Beginner vs Random,Beginner,37,34
2,Beginner vs Random,Beginner,32,30
17,Beginner vs Random,Beginner,38,21
3,Beginner vs Random,Random,36,33
1,Beginner vs Random,Beginner,31,30
16,Beginner vs Random,Random,42,26
19,Beginner vs Random,Beginner,40,21
3,Beginner vs Random,Beginner,32,29
9,Beginner vs Random,Random,37,28
6,Beginner vs Random,Random,35,29
1,Beginner vs Random,Beginner,33,32
6,Beginner vs Random,Random,38,32
2,Beginner vs Random,Beginner,32,30
4,Beginner vs Random,Random,37,33
16,Beginner vs Random,Random,39,23
1,Beginner vs Random,Beginner,37,36
6,Beginner vs Random,Beginner,38,32
5,Beginner vs Random,Random,33,28
11,Beginner vs Random,Random,35,24
12,Beginner vs Random,Random,39,27
4,Beginner vs Random,Beginner,33,29
1,Beginner vs Random,Beginner,36,35
12,Beginner vs Random,Beginner,37,25
10,Beginner vs Random,Random,38,28
7,Beginner vs Random,Random,37,30
1,Beginner vs Random,Random,33,32
14,Beginner vs Random,Beginner,43,29
10,Beginner vs Random,Beginner,35,25
7,Beginner vs Random,Beginner,38,31
8,Beginner vs Random,Random,39,31
10,Beginner vs Random,Random,40,30
5,Beginner vs Random,Random,35,30
1,Beginner vs Random,Beginner,30,29
0,Beginner vs Random,No one,34,34
9,Beginner vs Random,Beginner,36,27
3,Beginner vs Random,Beginner,29,26
8,Beginner vs Random,Beginner,39,31
6,Beginner vs Random,Random,36,30
4,Beginner vs Random,Beginner,36,32
7,Beginner vs Random,Random,34,27
8,Beginner vs Random,Beginner,37,29
15,Beginner vs Random,Random,40,25
3,Beginner vs Random,Beginner,37,34
5,Beginner vs Random,Random,36,31
10,Beginner vs Random,Beginner,39,29
16,Beginner vs Random,Random,43,27
0,Beginner vs Random,No one,34,34
1,Beginner vs Random,Beginner,36,35
6,Beginner vs Random,Random,37,31
12,Beginner vs Random,Beginner,38,26
8,Beginner vs Random,Beginner,39,31
7,Beginner vs Random,Random,36,29
1,Beginner vs Random,Beginner,34,33
5,Beginner vs Random,Beginner,33,28
13,Beginner vs Random,Random,40,27
7,Beginner vs Random,Random,39,32
3,Beginner vs Random,Beginner,32,29
11,Beginner vs Random,Random,36,25
4,Beginner vs Random,Beginner,33,29
10,Beginner vs Random,Beginner,42,32
2,Beginner vs Random,Beginner,32,30
2,Beginner vs Random,Random,31,29
17,Beginner vs Random,Beginner,42,25
0,Beginner vs Random,No one,34,34
1,Beginner vs Random,Beginner,36,35
7,Beginner vs Random,Beginner,35,28
19,Beginner vs Random,Random,40,21
1,Beginner vs Random,Beginner,37,36
7,Beginner vs Random,Random,39,32
3,Beginner vs Random,Random,34,31
12,Beginner vs Random,Beginner,37,25
17,Beginner vs Random,Random,45,28
6,Beginner vs Random,Beginner,34,28
3,Beginner vs Random,Random,36,33
3,Beginner vs Random,Beginner,33,30
5,Beginner vs Random,Beginner,37,32
0,Beginner vs Random,No one,38,38
15,Beginner vs Random,Beginner,38,23
1,Beginner vs Random,Beginner,33,32
7,Beginner vs Random,Random,36,29
5,Beginner vs Random,Random,32,27
11,Beginner vs Random,Beginner,38,27
1,Beginner vs Random,Random,30,29
5,Beginner vs Random,Beginner,35,30
6,Beginner vs Random,Beginner,32,26
8,Beginner vs Random,Beginner,36,28
6,Beginner vs Random,Random,35,29
1,Beginner vs Random,Random,36,35
11,Beginner vs Random,Beginner,38,27
2,Beginner vs Random,Random,39,37
15,Beginner vs Random,Beginner,41,26
6,Beginner vs Random,Beginner,36,30
2,Beginner vs Random,Random,34,32
3,Beginner vs Random,Random,36,33
10,Beginner vs Random,Random,41,31
1,Beginner vs Random,Beginner,36,35
4,Beginner vs Random,Random,37,33
20,Beginner vs Random,Beginner,45,25
6,Beginner vs Random,Random,37,31
16,Beginner vs Random,Random,43,27
10,Beginner vs Random,Beginner,36,26
5,Beginner vs Random,Beginner,36,31
2,Beginner vs Random,Beginner,34,32
5,Beginner vs Random,Random,36,31
5,Beginner vs Random,Beginner,36,31
9,Beginner vs Random,Random,37,28
4,Beginner vs Random,Beginner,33,29
1,Beginner vs Random,Random,33,32
3,Beginner vs Random,Random,36,33
2,Beginner vs Random,Beginner,33,31
8,Beginner vs Random,Random,39,31
1,Beginner vs Random,Random,35,34
1,Beginner vs Random,Random,32,31
6,Beginner vs Random,Random,38,32
8,Beginner vs Random,Beginner,42,34
9,Beginner vs Random,Random,35,26
1,Beginner vs Random,Beginner,31,30
0,Beginner vs Random,No one,28,28
5,Beginner vs Random,Beginner,36,31
6,Beginner vs Random,Beginner,36,30
8,Beginner vs Random,Random,37,29
6,Beginner vs Random,Beginner,34,28
11,Beginner vs Random,Random,38,27
2,Beginner vs Random,Random,32,30
8,Beginner vs Random,Beginner,38,30
14,Beginner vs Random,Random,44,30
2,Beginner vs Random,Beginner,35,33
8,Beginner vs Random,Beginner,32,24
6,Beginner vs Random,Random,37,31
12,Beginner vs Random,Beginner,38,26
4,Beginner vs Random,Beginner,35,31
8,Beginner vs Random,Random,36,28
18,Beginner vs Random,Beginner,41,23
2,Beginner vs Random,Random,33,31
1,Beginner vs Random,Random,35,34
2,Beginner vs Random,Random,31,29
6,Beginner vs Random,Beginner,41,35
2,Beginner vs Random,Beginner,32,30
2,Beginner vs Random,Random,38,36
10,Beginner vs Random,Beginner,38,28
15,Beginner vs Random,Beginner,40,25
2,Beginner vs Random,Random,39,37
2,Beginner vs Random,Random,30,28
18,Beginner vs Random,Random,39,21
12,Beginner vs Random,Beginner,37,25
10,Beginner vs Random,Random,38,28
1,Beginner vs Random,Beginner,29,28
7,Beginner vs Random,Random,40,33
11,Beginner vs Random,Random,41,30
3,Beginner vs Random,Random,33,30
0,Beginner vs Random,No one,37,37
9,Beginner vs Random,Random,33,24
10,Beginner vs Random,Random,41,31
5,Beginner vs Random,Beginner,33,28
12,Beginner vs Random,Random,44,32
15,Beginner vs Random,Beginner,40,25
7,Beginner vs Random,Random,35,28
2,Beginner vs Random,Beginner,32,30
9,Beginner vs Random,Random,37,28
19,Beginner vs Random,Random,42,23
0,Beginner vs Random,No one,32,32
3,Beginner vs Random,Beginner,38,35
11,Beginner vs Random,Random,38,27
0,Beginner vs Random,No one,35,35
3,Beginner vs Random,Random,34,31
16,Beginner vs Random,Beginner,45,29
8,Beginner vs Random,Random,36,28
9,Beginner vs Random,Random,38,29
8,Beginner vs Random,Beginner,38,30
6,Beginner vs Random,Random,36,30
4,Beginner vs Random,Random,34,30
3,Beginner vs Random,Beginner,37,34
4,Beginner vs Random,Random,38,34
0,Beginner vs Random,No one,30,30
10,Beginner vs Random,Beginner,39,29
9,Beginner vs Random,Random,39,30
1,Beginner vs Random,Beginner,35,34
4,Beginner vs Random,Random,33,29
8,Beginner vs Random,Random,37,29
6,Beginner vs Random,Random,34,28
9,Beginner vs Random,Random,42,33
12,Beginner vs Random,Beginner,41,29
10,Beginner vs Random,Beginner,34,24
3,Beginner vs Random,Random,34,31
4,Beginner vs Random,Beginner,34,30
8,Beginner vs Random,Beginner,37,29
11,Beginner vs Random,Beginner,33,22
0,Beginner vs Random,No one,34,34
11,Beginner vs Random,Beginner,38,27
11,Beginner vs Random,Beginner,36,25
13,Beginner vs Random,Random,42,29
3,Beginner vs Random,Random,37,34
5,Beginner vs Random,Random,35,30
1,Beginner vs Random,Beginner,35,34
9,Beginner vs Random,Random,40,31
0,Beginner vs Random,No one,34,34
2,Beginner vs Random,Random,32,30
16,Beginner vs Random,Beginner,38,22
9,Beginner vs Random,Beginner,38,29
9,Beginner vs Random,Random,41,32
12,Beginner vs Random,Beginner,37,25
0,Beginner vs Random,No one,32,32
8,Beginner vs Random,Beginner,40,32
1,Intermediate vs Random,Intermediate,34,33
11,Intermediate vs Random,Intermediate,43,32
1,Intermediate vs Random,Intermediate,32,31
1,Intermediate vs Random,Intermediate,38,37
5,Intermediate vs Random,Intermediate,36,31
5,Intermediate vs Random,Random,40,35
6,Intermediate vs Random,Random,35,29
12,Intermediate vs Random,Intermediate,40,28
10,Intermediate vs Random,Random,38,28
9,Intermediate vs Random,Intermediate,37,28
8,Intermediate vs Random,Random,37,29
10,Intermediate vs Random,Random,42,32
13,Intermediate vs Random,Intermediate,37,24
2,Intermediate vs Random,Random,33,31
9,Intermediate vs Random,Random,36,27
2,Intermediate vs Random,Random,30,28
6,Intermediate vs Random,Random,37,31
0,Intermediate vs Random,No one,32,32
8,Intermediate vs Random,Intermediate,39,31
8,Intermediate vs Random,Random,40,32
6,Intermediate vs Random,Random,36,30
5,Intermediate vs Random,Random,38,33
0,Intermediate vs Random,No one,34,34
1,Intermediate vs Random,Intermediate,34,33
3,Intermediate vs Random,Intermediate,37,34
8,Intermediate vs Random,Random,40,32
10,Intermediate vs Random,Intermediate,36,26
10,Intermediate vs Random,Intermediate,39,29
4,Intermediate vs Random,Intermediate,35,31
3,Intermediate vs Random,Intermediate,31,28
12,Intermediate vs Random,Intermediate,38,26
14,Intermediate vs Random,Intermediate,42,28
6,Intermediate vs Random,Intermediate,41,35
4,Intermediate vs Random,Random,34,30
1,Intermediate vs Random,Intermediate,33,32
9,Intermediate vs Random,Random,40,31
6,Intermediate vs Random,Random,37,31
17,Intermediate vs Random,Random,38,21
2,Intermediate vs Random,Intermediate,31,29
1,Intermediate vs Random,Random,36,35
11,Intermediate vs Random,Random,39,28
2,Intermediate vs Random,Random,34,32
0,Intermediate vs Random,No one,30,30
3,Intermediate vs Random,Intermediate,32,29
7,Intermediate vs Random,Random,37,30
4,Intermediate vs Random,Random,36,32
5,Intermediate vs Random,Random,39,34
8,Intermediate vs Random,Random,36,28
10,Intermediate vs Random,Random,35,25
8,Intermediate vs Random,Intermediate,36,28
1,Intermediate vs Random,Intermediate,34,33
3,Intermediate vs Random,Intermediate,34,31
2,Intermediate vs Random,Random,34,32
4,Intermediate vs Random,Intermediate,35,31
2,Intermediate vs Random,Intermediate,33,31
1,Intermediate vs Random,Random,35,34
15,Intermediate vs Random,Intermediate,45,30
10,Intermediate vs Random,Intermediate,45,35
10,Intermediate vs Random,Intermediate,37,27
11,Intermediate vs Random,Intermediate,39,28
4,Intermediate vs Random,Intermediate,39,35
3,Intermediate vs Random,Random,38,35
3,Intermediate vs Random,Random,33,30
7,Intermediate vs Random,Intermediate,39,32
8,Intermediate vs Random,Random,35,27
10,Intermediate vs Random,Random,40,30
3,Intermediate vs Random,Intermediate,30,27
3,Intermediate vs Random,Random,35,32
8,Intermediate vs Random,Random,38,30
5,Intermediate vs Random,Intermediate,39,34
8,Intermediate vs Random,Intermediate,41,33
5,Intermediate vs Random,Intermediate,35,30
13,Intermediate vs Random,Intermediate,45,32
3,Intermediate vs Random,Intermediate,32,29
2,Intermediate vs Random,Intermediate,33,31
5,Intermediate vs Random,Random,31,26
4,Intermediate vs Random,Random,37,33
12,Intermediate vs Random,Intermediate,38,26
7,Intermediate vs Random,Random,37,30
6,Intermediate vs Random,Intermediate,38,32
9,Intermediate vs Random,Intermediate,39,30
3,Intermediate vs Random,Random,32,29
11,Intermediate vs Random,Random,41,30
3,Intermediate vs Random,Random,35,32
5,Intermediate vs Random,Intermediate,33,28
6,Intermediate vs Random,Random,33,27
2,Intermediate vs Random,Random,34,32
4,Intermediate vs Random,Random,34,30
8,Intermediate vs Random,Intermediate,38,30
7,Intermediate vs Random,Random,35,28
4,Intermediate vs Random,Intermediate,34,30
4,Intermediate vs Random,Intermediate,34,30
9,Intermediate vs Random,Random,40,31
3,Intermediate vs Random,Intermediate,32,29
3,Intermediate vs Random,Random,39,36
4,Intermediate vs Random,Intermediate,33,29
14,Intermediate vs Random,Random,40,26
22,Intermediate vs Random,Random,45,23
2,Intermediate vs Random,Random,36,34
12,Intermediate vs Random,Intermediate,42,30
14,Intermediate vs Random,Intermediate,40,26
2,Intermediate vs Random,Intermediate,39,37
7,Intermediate vs Random,Intermediate,33,26
5,Intermediate vs Random,Random,41,36
0,Intermediate vs Random,No one,31,31
3,Intermediate vs Random,Random,36,33
5,Intermediate vs Random,Intermediate,35,30
0,Intermediate vs Random,No one,26,26
14,Intermediate vs Random,Random,44,30
1,Intermediate vs Random,Intermediate,34,33
4,Intermediate vs Random,Random,37,33
8,Intermediate vs Random,Intermediate,40,32
7,Intermediate vs Random,Random,37,30
9,Intermediate vs Random,Random,38,29
12,Intermediate vs Random,Random,39,27
7,Intermediate vs Random,Intermediate,36,29
9,Intermediate vs Random,Random,39,30
10,Intermediate vs Random,Intermediate,35,25
7,Intermediate vs Random,Intermediate,37,30
0,Intermediate vs Random,No one,33,33
5,Intermediate vs Random,Random,36,31
3,Intermediate vs Random,Random,35,32
5,Intermediate vs Random,Random,36,31
15,Intermediate vs Random,Intermediate,40,25
4,Intermediate vs Random,Intermediate,38,34
7,Intermediate vs Random,Random,32,25
5,Intermediate vs Random,Random,37,32
9,Intermediate vs Random,Random,37,28
2,Intermediate vs Random,Random,36,34
11,Intermediate vs Random,Intermediate,38,27
6,Intermediate vs Random,Random,35,29
11,Intermediate vs Random,Intermediate,38,27
14,Intermediate vs Random,Random,40,26
3,Intermediate vs Random,Random,34,31
0,Intermediate vs Random,No one,37,37
13,Intermediate vs Random,Intermediate,33,20
10,Intermediate vs Random,Random,39,29
15,Intermediate vs Random,Random,41,26
1,Intermediate vs Random,Intermediate,30,29
5,Intermediate vs Random,Intermediate,36,31
15,Intermediate vs Random,Intermediate,41,26
11,Intermediate vs Random,Random,41,30
13,Intermediate vs Random,Intermediate,41,28
6,Intermediate vs Random,Intermediate,37,31
6,Intermediate vs Random,Random,33,27
15,Intermediate vs Random,Random,42,27
4,Intermediate vs Random,Intermediate,36,32
1,Intermediate vs Random,Random,32,31
5,Intermediate vs Random,Random,38,33
2,Intermediate vs Random,Random,34,32
4,Intermediate vs Random,Intermediate,36,32
6,Intermediate vs Random,Intermediate,34,28
3,Intermediate vs Random,Random,36,33
7,Intermediate vs Random,Random,41,34
0,Intermediate vs Random,No one,33,33
3,Intermediate vs Random,Random,33,30
14,Intermediate vs Random,Random,41,27
10,Intermediate vs Random,Random,38,28
3,Intermediate vs Random,Intermediate,31,28
2,Intermediate vs Random,Intermediate,32,30
7,Intermediate vs Random,Random,35,28
3,Intermediate vs Random,Intermediate,37,34
5,Intermediate vs Random,Intermediate,36,31
9,Intermediate vs Random,Intermediate,34,25
9,Intermediate vs Random,Random,37,28
8,Intermediate vs Random,Intermediate,38,30
11,Intermediate vs Random,Random,38,27
6,Intermediate vs Random,Intermediate,34,28
6,Intermediate vs Random,Intermediate,35,29
0,Intermediate vs Random,No one,29,29
2,Intermediate vs Random,Intermediate,31,29
8,Intermediate vs Random,Intermediate,34,26
4,Intermediate vs Random,Random,35,31
5,Intermediate vs Random,Intermediate,34,29
5,Intermediate vs Random,Intermediate,36,31
0,Intermediate vs Random,No one,36,36
7,Intermediate vs Random,Random,36,29
9,Intermediate vs Random,Random,36,27
3,Intermediate vs Random,Random,33,30
21,Intermediate vs Random,Random,46,25
1,Intermediate vs Random,Random,31,30
3,Intermediate vs Random,Random,35,32
13,Intermediate vs Random,Intermediate,38,25
16,Intermediate vs Random,Random,43,27
1,Intermediate vs Random,Random,32,31
6,Intermediate vs Random,Random,36,30
5,Intermediate vs Random,Random,37,32
5,Intermediate vs Random,Intermediate,35,30
6,Intermediate vs Random,Intermediate,36,30
5,Intermediate vs Random,Random,32,27
1,Intermediate vs Random,Intermediate,35,34
3,Intermediate vs Random,Intermediate,38,35
11,Intermediate vs Random,Intermediate,39,28
15,Intermediate vs Random,Random,39,24
3,Intermediate vs Random,Random,38,35
3,Intermediate vs Random,Intermediate,36,33
5,Intermediate vs Random,Random,40,35
1,Intermediate vs Random,Random,35,34
3,Intermediate vs Random,Random,35,32
9,Intermediate vs Random,Random,41,32
6,Intermediate vs Random,Intermediate,35,29
12,Intermediate vs Random,Random,39,27
0,Intermediate vs Random,No one,31,31
11,Intermediate vs Random,Intermediate,39,28
17,Intermediate vs Random,Intermediate,43,26
5,Intermediate vs Random,Random,35,30
15,Intermediate vs Random,Intermediate,42,27
8,Intermediate vs Random,Intermediate,35,27
5,Intermediate vs Random,Random,34,29
8,Intermediate vs Random,Random,32,24
0,Intermediate vs Random,No one,31,31
4,Intermediate vs Random,Random,36,32
2,Intermediate vs Random,Intermediate,33,31
2,Intermediate vs Random,Intermediate,37,35
3,Intermediate vs Random,Intermediate,37,34
6,Intermediate vs Random,Intermediate,38,32
11,Intermediate vs Random,Intermediate,36,25
9,Intermediate vs Random,Intermediate,37,28
20,Intermediate vs Random,Intermediate,46,26
11,Intermediate vs Random,Random,40,29
12,Intermediate vs Random,Intermediate,38,26
1,Intermediate vs Random,Intermediate,36,35
4,Intermediate vs Random,Intermediate,34,30
1,Intermediate vs Random,Intermediate,34,33
15,Intermediate vs Random,Intermediate,42,27
4,Intermediate vs Random,Random,34,30
6,Intermediate vs Random,Intermediate,36,30
0,Intermediate vs Random,No one,32,32
0,Intermediate vs Random,No one,31,31
18,Intermediate vs Random,Intermediate,45,27
1,Intermediate vs Random,Intermediate,32,31
13,Intermediate vs Random,Intermediate,42,29
5,Intermediate vs Random,Random,35,30
10,Intermediate vs Random,Intermediate,38,28
2,Intermediate vs Random,Intermediate,32,30
4,Intermediate vs Random,Random,31,27
5,Intermediate vs Random,Random,36,31
6,Intermediate vs Random,Random,40,34
3,Intermediate vs Random,Intermediate,35,32
2,Intermediate vs Random,Intermediate,34,32
3,Intermediate vs Random,Random,35,32
8,Intermediate vs Random,Intermediate,39,31
4,Intermediate vs Random,Random,38,34
2,Intermediate vs Random,Random,33,31
6,Intermediate vs Random,Intermediate,36,30
3,Intermediate vs Random,Intermediate,34,31
3,Intermediate vs Random,Random,32,29
23,Intermediate vs Random,Intermediate,45,22
14,Intermediate vs Random,Random,38,24
3,Intermediate vs Random,Intermediate,35,32
1,Intermediate vs Random,Random,31,30
10,Intermediate vs Random,Intermediate,41,31
6,Intermediate vs Random,Random,38,32
5,Intermediate vs Random,Random,33,28
0,Intermediate vs Random,No one,30,30
9,Intermediate vs Random,Random,36,27
15,Intermediate vs Random,Random,44,29
5,Intermediate vs Random,Intermediate,32,27
8,Intermediate vs Random,Intermediate,37,29
5,Intermediate vs Random,Intermediate,36,31
11,Intermediate vs Random,Intermediate,38,27
10,Intermediate vs Random,Intermediate,44,34
7,Intermediate vs Random,Intermediate,36,29
15,Intermediate vs Random,Intermediate,43,28
13,Intermediate vs Random,Intermediate,40,27
11,Intermediate vs Random,Intermediate,38,27
8,Intermediate vs Random,Random,36,28
6,Intermediate vs Random,Intermediate,36,30
1,Intermediate vs Random,Random,34,33
0,Intermediate vs Random,No one,29,29
12,Intermediate vs Random,Random,39,27
4,Intermediate vs Random,Random,37,33
4,Intermediate vs Random,Random,33,29
5,Intermediate vs Random,Intermediate,37,32
12,Intermediate vs Random,Intermediate,42,30
9,Intermediate vs Random,Random,37,28
1,Intermediate vs Random,Random,30,29
4,Intermediate vs Random,Intermediate,40,36
20,Intermediate vs Random,Intermediate,48,28
15,Intermediate vs Random,Random,43,28
8,Intermediate vs Random,Random,34,26
4,Intermediate vs Random,Intermediate,36,32
14,Intermediate vs Random,Intermediate,40,26
0,Intermediate vs Random,No one,37,37
4,Intermediate vs Random,Intermediate,34,30
3,Intermediate vs Random,Random,34,31
0,Intermediate vs Random,No one,32,32
6,Intermediate vs Random,Intermediate,34,28
16,Intermediate vs Random,Intermediate,42,26
16,Intermediate vs Random,Intermediate,43,27
7,Intermediate vs Random,Intermediate,37,30
20,Intermediate vs Random,Intermediate,42,22
1,Intermediate vs Random,Random,31,30
8,Intermediate vs Random,Random,36,28
12,Intermediate vs Random,Intermediate,44,32
4,Intermediate vs Random,Intermediate,41,37
5,Intermediate vs Random,Intermediate,30,25
7,Intermediate vs Random,Intermediate,36,29
10,Intermediate vs Random,Intermediate,39,29
8,Intermediate vs Random,Random,33,25
4,Intermediate vs Random,Random,33,29
0,Intermediate vs Random,No one,33,33
10,Intermediate vs Random,Intermediate,37,27
13,Intermediate vs Random,Intermediate,41,28
17,Intermediate vs Random,Random,47,30
3,Intermediate vs Random,Random,33,30
6,Intermediate vs Random,Intermediate,38,32
3,Intermediate vs Random,Random,37,34
13,Intermediate vs Random,Intermediate,36,23
10,Intermediate vs Random,Intermediate,39,29
1,Intermediate vs Random,Random,32,31
2,Intermediate vs Random,Random,31,29
10,Intermediate vs Random,Intermediate,40,30
9,Intermediate vs Random,Intermediate,46,37
7,Intermediate vs Random,Intermediate,34,27
13,Intermediate vs Random,Random,42,29
19,Intermediate vs Random,Random,46,27
1,Intermediate vs Random,Random,35,34
5,Intermediate vs Random,Intermediate,35,30
6,Intermediate vs Random,Intermediate,32,26
10,Intermediate vs Random,Random,38,28
4,Intermediate vs Random,Random,38,34
8,Intermediate vs Random,Random,35,27
18,Intermediate vs Random,Random,43,25
17,Intermediate vs Random,Intermediate,42,25
9,Intermediate vs Random,Intermediate,41,32
12,Intermediate vs Random,Random,40,28
2,Intermediate vs Random,Random,34,32
8,Intermediate vs Random,Random,38,30
9,Intermediate vs Random,Intermediate,38,29
6,Intermediate vs Random,Random,38,32
10,Intermediate vs Random,Intermediate,36,26
17,Intermediate vs Random,Random,41,24
4,Intermediate vs Random,Random,35,31
4,Intermediate vs Random,Intermediate,31,27
3,Intermediate vs Random,Random,33,30
21,Intermediate vs Random,Random,43,22
7,Intermediate vs Random,Intermediate,34,27
6,Intermediate vs Random,Random,38,32
7,Intermediate vs Random,Random,38,31
12,Intermediate vs Random,Random,44,32
8,Intermediate vs Random,Random,35,27
5,Intermediate vs Random,Intermediate,34,29
6,Intermediate vs Random,Intermediate,33,27
6,Intermediate vs Random,Random,33,27
5,Intermediate vs Random,Intermediate,33,28
5,Intermediate vs Random,Random,35,30
6,Intermediate vs Random,Random,38,32
9,Intermediate vs Random,Random,35,26
11,Intermediate vs Random,Random,37,26
15,Intermediate vs Random,Random,42,27
1,Intermediate vs Random,Intermediate,32,31
7,Intermediate vs Random,Random,42,35
8,Intermediate vs Random,Intermediate,37,29
7,Intermediate vs Random,Intermediate,39,32
8,Intermediate vs Random,Intermediate,35,27
13,Intermediate vs Random,Random,44,31
8,Intermediate vs Random,Random,38,30
9,Intermediate vs Random,Random,40,31
11,Intermediate vs Random,Random,40,29
8,Intermediate vs Random,Random,29,21
1,Intermediate vs Random,Random,35,34
5,Intermediate vs Random,Random,35,30
2,Intermediate vs Random,Intermediate,34,32
3,Intermediate vs Random,Intermediate,34,31
11,Intermediate vs Random,Intermediate,37,26
3,Intermediate vs Random,Intermediate,33,30
8,Intermediate vs Random,Random,35,27
10,Intermediate vs Random,Random,39,29
1,Intermediate vs Random,Intermediate,37,36
5,Intermediate vs Random,Intermediate,34,29
1,Intermediate vs Random,Intermediate,32,31
4,Intermediate vs Random,Random,32,28
13,Intermediate vs Random,Intermediate,41,28
4,Intermediate vs Random,Intermediate,35,31
7,Intermediate vs Random,Intermediate,37,30
12,Intermediate vs Random,Random,39,27
7,Intermediate vs Random,Intermediate,38,31
4,Intermediate vs Random,Random,33,29
6,Intermediate vs Random,Intermediate,35,29
14,Intermediate vs Random,Random,43,29
0,Intermediate vs Random,No one,38,38
0,Intermediate vs Random,No one,35,35
1,Intermediate vs Random,Intermediate,33,32
2,Intermediate vs Random,Random,34,32
13,Intermediate vs Random,Intermediate,43,30
9,Intermediate vs Random,Intermediate,40,31
20,Intermediate vs Random,Random,43,23
5,Intermediate vs Random,Intermediate,38,33
7,Intermediate vs Random,Random,35,28
4,Intermediate vs Random,Random,37,33
6,Intermediate vs Random,Intermediate,34,28
14,Intermediate vs Random,Intermediate,40,26
5,Intermediate vs Random,Intermediate,38,33
2,Intermediate vs Random,Intermediate,33,31
10,Intermediate vs Random,Random,41,31
2,Intermediate vs Random,Intermediate,34,32
9,Intermediate vs Random,Intermediate,39,30
0,Intermediate vs Random,No one,37,37
0,Intermediate vs Random,No one,38,38
11,Intermediate vs Random,Random,41,30
1,Intermediate vs Random,Intermediate,36,35
11,Intermediate vs Random,Intermediate,40,29
4,Intermediate vs Random,Random,35,31
10,Intermediate vs Random,Random,36,26
4,Intermediate vs Random,Intermediate,33,29
7,Intermediate vs Random,Intermediate,40,33
1,Intermediate vs Random,Intermediate,31,30
3,Intermediate vs Random,Random,35,32
3,Intermediate vs Random,Random,37,34
9,Intermediate vs Random,Random,36,27
14,Intermediate vs Random,Intermediate,44,30
9,Intermediate vs Random,Random,40,31
0,Intermediate vs Random,No one,34,34
3,Intermediate vs Random,Random,38,35
2,Intermediate vs Random,Intermediate,35,33
5,Intermediate vs Random,Intermediate,35,30
11,Intermediate vs Random,Random,40,29
12,Intermediate vs Random,Random,40,28
5,Intermediate vs Random,Intermediate,34,29
5,Intermediate vs Random,Intermediate,39,34
10,Intermediate vs Random,Random,35,25
5,Intermediate vs Random,Intermediate,32,27
2,Intermediate vs Random,Random,34,32
23,Intermediate vs Random,Random,45,22
5,Intermediate vs Random,Random,35,30
3,Intermediate vs Random,Intermediate,35,32
8,Intermediate vs Random,Random,35,27
6,Intermediate vs Random,Random,35,29
1,Intermediate vs Random,Random,35,34
11,Intermediate vs Random,Random,38,27
11,Intermediate vs Random,Random,41,30
10,Intermediate vs Random,Random,40,30
1,Intermediate vs Random,Intermediate,35,34
7,Intermediate vs Random,Intermediate,36,29
2,Intermediate vs Random,Random,31,29
15,Intermediate vs Random,Random,42,27
6,Intermediate vs Random,Intermediate,38,32
3,Intermediate vs Random,Intermediate,37,34
3,Intermediate vs Random,Intermediate,34,31
7,Intermediate vs Random,Random,34,27
4,Intermediate vs Random,Intermediate,36,32
6,Intermediate vs Random,Intermediate,35,29
11,Intermediate vs Random,Intermediate,40,29
5,Intermediate vs Random,Intermediate,36,31
13,Intermediate vs Random,Random,42,29
5,Intermediate vs Random,Intermediate,39,34
9,Intermediate vs Random,Random,34,25
20,Intermediate vs Random,Random,42,22
7,Intermediate vs Random,Intermediate,38,31
9,Intermediate vs Random,Random,34,25
11,Intermediate vs Random,Intermediate,35,24
2,Intermediate vs Random,Random,29,27
5,Intermediate vs Random,Random,35,30
22,Intermediate vs Random,Intermediate,43,21
9,Intermediate vs Random,Intermediate,38,29
2,Intermediate vs Random,Intermediate,33,31
19,Intermediate vs Random,Intermediate,42,23
14,Intermediate vs Random,Intermediate,41,27
2,Intermediate vs Random,Intermediate,34,32
6,Intermediate vs Random,Random,35,29
10,Intermediate vs Random,Intermediate,39,29
7,Intermediate vs Random,Intermediate,36,29
3,Intermediate vs Random,Random,33,30
4,Intermediate vs Random,Intermediate,37,33
9,Intermediate vs Random,Intermediate,34,25
11,Intermediate vs Random,Intermediate,38,27
11,Intermediate vs Random,Random,42,31
3,Intermediate vs Random,Random,36,33
3,Intermediate vs Random,Intermediate,34,31
5,Intermediate vs Random,Intermediate,35,30
0,Intermediate vs Random,No one,29,29
4,Intermediate vs Random,Intermediate,36,32
4,Intermediate vs Random,Random,35,31
3,Intermediate vs Random,Intermediate,33,30
10,Intermediate vs Random,Intermediate,37,27
12,Intermediate vs Random,Random,37,25
5,Intermediate vs Random,Random,38,33
8,Intermediate vs Random,Random,30,22
12,Intermediate vs Random,Intermediate,43,31
4,Intermediate vs Random,Intermediate,37,33
3,Intermediate vs Random,Random,36,33
7,Intermediate vs Random,Intermediate,36,29
1,Intermediate vs Random,Random,33,32
20,Intermediate vs Random,Intermediate,43,23
1,Intermediate vs Random,Intermediate,36,35
10,Intermediate vs Random,Intermediate,39,29
6,Intermediate vs Random,Intermediate,35,29
10,Intermediate vs Random,Random,37,27
5,Intermediate vs Random,Random,38,33
8,Intermediate vs Random,Intermediate,41,33
14,Intermediate vs Random,Random,42,28
9,Intermediate vs Random,Intermediate,37,28
1,Intermediate vs Random,Random,34,33
3,Intermediate vs Random,Random,32,29
13,Intermediate vs Random,Random,38,25
16,Intermediate vs Random,Intermediate,43,27
2,Intermediate vs Random,Intermediate,33,31
13,Intermediate vs Random,Intermediate,43,30
4,Intermediate vs Random,Random,31,27
1,Intermediate vs Random,Intermediate,37,36
14,Intermediate vs Random,Intermediate,41,27
6,Intermediate vs Random,Random,40,34
13,Intermediate vs Random,Intermediate,42,29
5,Intermediate vs Random,Intermediate,39,34
8,Intermediate vs Random,Intermediate,38,30
4,Intermediate vs Random,Random,35,31
8,Intermediate vs Random,Intermediate,39,31
4,Intermediate vs Random,Random,36,32
2,Intermediate vs Random,Random,34,32
4,Intermediate vs Random,Random,36,32
9,Intermediate vs Random,Intermediate,41,32
7,Intermediate vs Random,Intermediate,36,29
1,Intermediate vs Random,Random,35,34
11,Intermediate vs Random,Intermediate,44,33
15,Intermediate vs Random,Random,36,21
1,Intermediate vs Random,Intermediate,37,36
10,Intermediate vs Random,Random,41,31
3,Intermediate vs Random,Random,35,32
1,Intermediate vs Random,Intermediate,33,32
12,Intermediate vs Random,Random,39,27
6,Intermediate vs Random,Random,39,33
1,Intermediate vs Random,Random,32,31
1,Intermediate vs Random,Intermediate,35,34
3,Intermediate vs Random,Intermediate,33,30
7,Intermediate vs Random,Random,34,27
1,Intermediate vs Random,Intermediate,39,38
0,Intermediate vs Random,No one,33,33
12,Intermediate vs Random,Random,38,26
13,Intermediate vs Random,Random,35,22
4,Intermediate vs Random,Intermediate,35,31
8,Intermediate vs Random,Random,39,31
5,Intermediate vs Random,Random,35,30
9,Intermediate vs Random,Intermediate,41,32
1,Intermediate vs Random,Intermediate,31,30
17,Intermediate vs Random,Intermediate,44,27
17,Intermediate vs Random,Intermediate,41,24
17,Intermediate vs Random,Intermediate,40,23
1,Intermediate vs Random,Intermediate,38,37
0,Intermediate vs Random,No one,30,30
2,Intermediate vs Random,Random,34,32
5,Intermediate vs Random,Intermediate,36,31
12,Intermediate vs Random,Intermediate,38,26
2,Intermediate vs Random,Random,36,34
5,Intermediate vs Random,Intermediate,38,33
1,Intermediate vs Random,Random,36,35
1,Intermediate vs Random,Random,36,35
5,Intermediate vs Random,Random,31,26
2,Intermediate vs Random,Random,35,33
3,Intermediate vs Random,Intermediate,36,33
10,Intermediate vs Random,Random,38,28
12,Intermediate vs Random,Intermediate,39,27
7,Intermediate vs Random,Random,38,31
10,Intermediate vs Random,Random,39,29
0,Intermediate vs Random,No one,36,36
6,Intermediate vs Random,Random,36,30
14,Intermediate vs Random,Random,39,25
3,Intermediate vs Random,Intermediate,34,31
19,Intermediate vs Random,Intermediate,44,25
4,Intermediate vs Random,Intermediate,36,32
14,Intermediate vs Random,Intermediate,44,30
10,Intermediate vs Random,Random,40,30
12,Intermediate vs Random,Random,40,28
7,Intermediate vs Random,Intermediate,36,29
0,Intermediate vs Random,No one,35,35
3,Intermediate vs Random,Intermediate,34,31
7,Intermediate vs Random,Intermediate,39,32
1,Intermediate vs Random,Random,38,37
1,Intermediate vs Random,Random,30,29
0,Intermediate vs Random,No one,34,34
12,Intermediate vs Random,Intermediate,36,24
14,Intermediate vs Random,Random,42,28
3,Intermediate vs Random,Intermediate,33,30
5,Intermediate vs Random,Intermediate,36,31
15,Intermediate vs Random,Intermediate,42,27
4,Intermediate vs Random,Intermediate,34,30
3,Intermediate vs Random,Random,35,32
2,Intermediate vs Random,Intermediate,34,32
7,Intermediate vs Random,Intermediate,37,30
2,Intermediate vs Random,Intermediate,35,33
10,Intermediate vs Random,Intermediate,37,27
1,Intermediate vs Random,Random,33,32
3,Intermediate vs Random,Random,31,28
21,Intermediate vs Random,Random,47,26
12,Intermediate vs Random,Intermediate,39,27
1,Intermediate vs Random,Random,34,33
3,Intermediate vs Random,Intermediate,39,36
3,Intermediate vs Random,Random,37,34
1,Intermediate vs Random,Random,36,35
2,Intermediate vs Random,Random,36,34
8,Intermediate vs Random,Intermediate,36,28
14,Intermediate vs Random,Random,41,27
4,Intermediate vs Random,Random,38,34
7,Intermediate vs Random,Random,33,26
1,Intermediate vs Random,Intermediate,35,34
12,Intermediate vs Random,Intermediate,40,28
9,Intermediate vs Random,Random,37,28
2,Intermediate vs Random,Intermediate,30,28
11,Intermediate vs Random,Random,40,29
13,Intermediate vs Random,Intermediate,43,30
2,Intermediate vs Random,Random,34,32
3,Intermediate vs Random,Intermediate,27,24
2,Intermediate vs Random,Intermediate,34,32
1,Intermediate vs Random,Intermediate,33,32
12,Intermediate vs Random,Random,35,23
5,Intermediate vs Random,Intermediate,35,30
2,Intermediate vs Random,Random,34,32
3,Intermediate vs Random,Random,34,31
9,Intermediate vs Random,Intermediate,36,27
5,Intermediate vs Random,Intermediate,36,31
8,Intermediate vs Random,Intermediate,37,29
9,Intermediate vs Random,Intermediate,39,30
8,Intermediate vs Random,Random,35,27
15,Intermediate vs Random,Random,43,28
18,Intermediate vs Random,Intermediate,44,26
14,Intermediate vs Random,Intermediate,42,28
6,Intermediate vs Random,Intermediate,35,29
2,Intermediate vs Random,Random,36,34
11,Intermediate vs Random,Random,42,31
6,Intermediate vs Random,Random,41,35
2,Intermediate vs Random,Random,37,35
4,Intermediate vs Random,Intermediate,36,32
0,Intermediate vs Random,No one,35,35
15,Intermediate vs Random,Random,40,25
4,Intermediate vs Random,Intermediate,34,30
2,Intermediate vs Random,Intermediate,31,29
2,Intermediate vs Random,Random,32,30
4,Intermediate vs Random,Intermediate,35,31
4,Intermediate vs Random,Intermediate,31,27
8,Intermediate vs Random,Random,39,31
16,Intermediate vs Random,Random,42,26
9,Intermediate vs Random,Intermediate,36,27
8,Intermediate vs Random,Random,37,29
0,Intermediate vs Random,No one,33,33
11,Intermediate vs Random,Intermediate,37,26
1,Intermediate vs Random,Intermediate,36,35
1,Intermediate vs Random,Random,31,30
5,Intermediate vs Random,Random,38,33
4,Intermediate vs Random,Random,32,28
3,Intermediate vs Random,Random,34,31
6,Intermediate vs Random,Intermediate,39,33
0,Intermediate vs Random,No one,29,29
9,Intermediate vs Random,Random,38,29
11,Intermediate vs Random,Intermediate,40,29
2,Intermediate vs Random,Random,35,33
2,Intermediate vs Random,Random,36,34
4,Intermediate vs Random,Intermediate,36,32
3,Intermediate vs Random,Random,33,30
1,Intermediate vs Random,Intermediate,30,29
6,Intermediate vs Random,Random,36,30
0,Intermediate vs Random,No one,34,34
9,Intermediate vs Random,Random,35,26
1,Intermediate vs Random,Random,31,30
3,Intermediate vs Random,Random,39,36
14,Intermediate vs Random,Random,40,26
15,Intermediate vs Random,Random,39,24
7,Intermediate vs Random,Random,31,24
7,Intermediate vs Random,Intermediate,32,25
7,Intermediate vs Random,Intermediate,36,29
8,Intermediate vs Random,Random,36,28
13,Intermediate vs Random,Random,39,26
2,Intermediate vs Random,Intermediate,39,37
4,Intermediate vs Random,Intermediate,37,33
19,Intermediate vs Random,Intermediate,46,27
1,Intermediate vs Random,Random,35,34
1,Intermediate vs Random,Random,33,32
4,Intermediate vs Random,Random,34,30
7,Intermediate vs Random,Random,40,33
4,Intermediate vs Random,Random,33,29
4,Intermediate vs Random,Random,38,34
4,Intermediate vs Random,Random,31,27
4,Intermediate vs Random,Intermediate,38,34
10,Intermediate vs Random,Intermediate,43,33
15,Intermediate vs Random,Intermediate,39,24
7,Intermediate vs Random,Intermediate,37,30
5,Intermediate vs Random,Random,36,31
6,Intermediate vs Random,Random,34,28
1,Intermediate vs Random,Random,29,28
5,Intermediate vs Random,Random,36,31
1,Intermediate vs Random,Intermediate,29,28
9,Intermediate vs Random,Intermediate,39,30
6,Intermediate vs Random,Intermediate,37,31
8,Intermediate vs Random,Intermediate,41,33
14,Intermediate vs Random,Random,42,28
7,Intermediate vs Random,Random,37,30
1,Intermediate vs Random,Random,38,37
8,Intermediate vs Random,Intermediate,35,27
0,Intermediate vs Random,No one,33,33
6,Intermediate vs Random,Intermediate,35,29
13,Intermediate vs Random,Random,42,29
0,Intermediate vs Random,No one,36,36
5,Intermediate vs Random,Random,39,34
3,Intermediate vs Random,Intermediate,38,35
7,Intermediate vs Random,Intermediate,36,29
10,Intermediate vs Random,Intermediate,37,27
1,Intermediate vs Random,Intermediate,34,33
6,Intermediate vs Random,Random,37,31
13,Intermediate vs Random,Random,40,27
2,Intermediate vs Random,Random,34,32
5,Intermediate vs Random,Intermediate,35,30
17,Intermediate vs Random,Intermediate,46,29
6,Intermediate vs Random,Random,37,31
15,Intermediate vs Random,Random,43,28
2,Intermediate vs Random,Intermediate,33,31
9,Intermediate vs Random,Random,43,34
5,Intermediate vs Random,Intermediate,35,30
2,Intermediate vs Random,Intermediate,35,33
3,Intermediate vs Random,Random,36,33
1,Intermediate vs Random,Random,32,31
2,Intermediate vs Random,Intermediate,35,33
9,Intermediate vs Random,Intermediate,38,29
2,Intermediate vs Random,Intermediate,34,32
6,Intermediate vs Random,Intermediate,37,31
15,Intermediate vs Random,Random,40,25
1,Intermediate vs Random,Intermediate,35,34
4,Intermediate vs Random,Intermediate,37,33
3,Intermediate vs Random,Random,33,30
18,Intermediate vs Random,Random,45,27
1,Intermediate vs Random,Intermediate,33,32
7,Intermediate vs Random,Intermediate,34,27
7,Intermediate vs Random,Intermediate,35,28
8,Intermediate vs Random,Intermediate,39,31
4,Intermediate vs Random,Intermediate,33,29
9,Intermediate vs Random,Intermediate,40,31
7,Intermediate vs Random,Random,40,33
10,Intermediate vs Random,Intermediate,38,28
7,Intermediate vs Random,Intermediate,41,34
0,Intermediate vs Random,No one,33,33
4,Intermediate vs Random,Intermediate,35,31
1,Intermediate vs Random,Intermediate,36,35
2,Intermediate vs Random,Intermediate,32,30
3,Intermediate vs Random,Intermediate,38,35
2,Intermediate vs Random,Intermediate,35,33
2,Intermediate vs Random,Intermediate,38,36
5,Intermediate vs Random,Intermediate,35,30
1,Intermediate vs Random,Intermediate,34,33
1,Intermediate vs Random,Intermediate,31,30
2,Intermediate vs Random,Intermediate,42,40
9,Intermediate vs Random,Intermediate,42,33
3,Intermediate vs Random,Random,34,31
3,Intermediate vs Random,Intermediate,34,31
3,Intermediate vs Random,Random,31,28
4,Intermediate vs Random,Random,41,37
11,Intermediate vs Random,Intermediate,39,28
6,Intermediate vs Random,Random,39,33
12,Intermediate vs Random,Random,34,22
3,Intermediate vs Random,Random,32,29
3,Intermediate vs Random,Random,36,33
4,Intermediate vs Random,Intermediate,35,31
0,Intermediate vs Random,No one,37,37
8,Intermediate vs Random,Intermediate,38,30
8,Intermediate vs Random,Random,38,30
4,Intermediate vs Random,Random,36,32
5,Intermediate vs Random,Random,33,28
4,Intermediate vs Random,Intermediate,35,31
1,Intermediate vs Random,Random,33,32
5,Intermediate vs Random,Intermediate,38,33
16,Intermediate vs Random,Intermediate,40,24
2,Intermediate vs Random,Intermediate,37,35
9,Intermediate vs Random,Intermediate,39,30
12,Intermediate vs Random,Intermediate,38,26
9,Intermediate vs Random,Intermediate,35,26
3,Intermediate vs Random,Intermediate,33,30
1,Intermediate vs Random,Random,36,35
3,Intermediate vs Random,Random,36,33
4,Intermediate vs Random,Random,38,34
3,Intermediate vs Random,Random,36,33
3,Intermediate vs Random,Intermediate,35,32
16,Intermediate vs Random,Random,42,26
7,Intermediate vs Random,Random,36,29
8,Intermediate vs Random,Intermediate,42,34
18,Intermediate vs Random,Random,44,26
5,Intermediate vs Random,Intermediate,39,34
0,Intermediate vs Random,No one,33,33
14,Intermediate vs Random,Random,41,27
3,Intermediate vs Random,Random,34,31
1,Intermediate vs Random,Random,34,33
12,Intermediate vs Random,Intermediate,44,32
4,Intermediate vs Random,Random,33,29
4,Intermediate vs Random,Random,36,32
10,Intermediate vs Random,Random,38,28
7,Intermediate vs Random,Intermediate,37,30
2,Intermediate vs Random,Intermediate,33,31
7,Intermediate vs Random,Random,36,29
9,Intermediate vs Random,Random,38,29
9,Intermediate vs Random,Random,36,27
1,Intermediate vs Random,Random,32,31
3,Intermediate vs Random,Random,35,32
2,Intermediate vs Random,Random,39,37
5,Intermediate vs Random,Random,36,31
3,Intermediate vs Random,Intermediate,34,31
4,Intermediate vs Random,Intermediate,34,30
15,Intermediate vs Random,Random,41,26
16,Intermediate vs Random,Intermediate,45,29
18,Intermediate vs Random,Intermediate,44,26
7,Intermediate vs Random,Random,38,31
11,Intermediate vs Random,Intermediate,37,26
4,Intermediate vs Random,Intermediate,37,33
4,Intermediate vs Random,Random,34,30
14,Intermediate vs Random,Intermediate,43,29
1,Intermediate vs Random,Intermediate,38,37
0,Intermediate vs Random,No one,32,32
8,Intermediate vs Random,Random,38,30
6,Intermediate vs Random,Random,34,28
15,Intermediate vs Random,Random,42,27
10,Intermediate vs Random,Intermediate,41,31
13,Intermediate vs Random,Random,47,34
18,Intermediate vs Random,Intermediate,44,26
3,Intermediate vs Random,Intermediate,36,33
4,Intermediate vs Random,Intermediate,32,28
3,Intermediate vs Random,Random,36,33
6,Intermediate vs Random,Random,33,27
2,Intermediate vs Random,Intermediate,39,37
3,Intermediate vs Random,Intermediate,35,32
5,Intermediate vs Random,Random,36,31
5,Intermediate vs Random,Random,38,33
11,Intermediate vs Random,Intermediate,34,23
8,Intermediate vs Random,Random,38,30
12,Intermediate vs Random,Random,37,25
7,Intermediate vs Random,Random,36,29
2,Intermediate vs Random,Random,31,29
4,Intermediate vs Random,Random,40,36
2,Intermediate vs Random,Intermediate,31,29
2,Intermediate vs Random,Random,37,35
5,Intermediate vs Random,Intermediate,37,32
1,Intermediate vs Random,Random,31,30
0,Intermediate vs Random,No one,34,34
18,Intermediate vs Random,Random,45,27
9,Intermediate vs Random,Random,40,31
0,Intermediate vs Random,No one,33,33
7,Intermediate vs Random,Intermediate,41,34
9,Intermediate vs Random,Intermediate,38,29
1,Intermediate vs Random,Intermediate,37,36
2,Intermediate vs Random,Random,35,33
6,Intermediate vs Random,Random,33,27
1,Intermediate vs Random,Random,33,32
13,Intermediate vs Random,Random,41,28
2,Intermediate vs Random,Random,31,29
10,Intermediate vs Random,Random,39,29
2,Intermediate vs Random,Intermediate,35,33
0,Intermediate vs Random,No one,32,32
9,Intermediate vs Random,Intermediate,42,33
1,Intermediate vs Random,Random,33,32
10,Intermediate vs Random,Intermediate,39,29
5,Intermediate vs Random,Intermediate,37,32
7,Intermediate vs Random,Intermediate,36,29
24,Intermediate vs Random,Random,42,18
7,Intermediate vs Random,Random,36,29
10,Intermediate vs Random,Random,35,25
3,Intermediate vs Random,Intermediate,37,34
2,Intermediate vs Random,Intermediate,38,36
0,Intermediate vs Random,No one,35,35
2,Intermediate vs Random,Intermediate,34,32
5,Intermediate vs Random,Random,34,29
6,Intermediate vs Random,Intermediate,39,33
0,Intermediate vs Random,No one,35,35
5,Intermediate vs Random,Random,37,32
8,Intermediate vs Random,Random,37,29
1,Intermediate vs Random,Intermediate,35,34
8,Intermediate vs Random,Intermediate,32,24
8,Intermediate vs Random,Random,39,31
1,Intermediate vs Random,Intermediate,33,32
0,Intermediate vs Random,No one,33,33
9,Intermediate vs Random,Random,37,28
4,Intermediate vs Random,Random,39,35
9,Intermediate vs Random,Random,37,28
8,Intermediate vs Random,Intermediate,38,30
3,Intermediate vs Random,Random,34,31
7,Intermediate vs Random,Intermediate,33,26
8,Intermediate vs Random,Random,33,25
9,Intermediate vs Random,Random,37,28
5,Intermediate vs Random,Intermediate,37,32
12,Intermediate vs Random,Intermediate,38,26
1,Intermediate vs Random,Intermediate,33,32
9,Intermediate vs Random,Random,34,25
8,Intermediate vs Random,Random,37,29
1,Intermediate vs Random,Random,37,36
12,Intermediate vs Random,Random,41,29
4,Intermediate vs Random,Intermediate,31,27
9,Intermediate vs Random,Intermediate,32,23
3,Intermediate vs Random,Intermediate,35,32
10,Intermediate vs Random,Intermediate,39,29
13,Intermediate vs Random,Intermediate,38,25
10,Intermediate vs Random,Random,36,26
20,Intermediate vs Random,Intermediate,48,28
5,Intermediate vs Random,Intermediate,32,27
9,Intermediate vs Random,Intermediate,40,31
0,Intermediate vs Random,No one,33,33
3,Intermediate vs Random,Random,34,31
14,Intermediate vs Random,Intermediate,42,28
2,Intermediate vs Random,Random,34,32
3,Intermediate vs Random,Intermediate,37,34
15,Intermediate vs Random,Random,40,25
7,Intermediate vs Random,Random,37,30
5,Intermediate vs Random,Intermediate,34,29
5,Intermediate vs Random,Intermediate,35,30
5,Intermediate vs Random,Intermediate,36,31
5,Intermediate vs Random,Intermediate,36,31
3,Intermediate vs Random,Random,37,34
4,Intermediate vs Random,Intermediate,37,33
5,Intermediate vs Random,Intermediate,35,30
2,Intermediate vs Random,Random,41,39
5,Intermediate vs Random,Intermediate,35,30
4,Intermediate vs Random,Random,33,29
1,Intermediate vs Random,Random,33,32
0,Intermediate vs Random,No one,31,31
1,Intermediate vs Random,Random,33,32
2,Intermediate vs Random,Random,34,32
11,Intermediate vs Random,Random,38,27
3,Intermediate vs Random,Random,32,29
10,Intermediate vs Random,Random,41,31
10,Intermediate vs Random,Random,37,27
1,Intermediate vs Random,Random,33,32
1,Intermediate vs Random,Random,37,36
1,Intermediate vs Random,Random,29,28
0,Intermediate vs Random,No one,29,29
12,Intermediate vs Random,Intermediate,39,27
12,Intermediate vs Random,Random,38,26
12,Intermediate vs Random,Random,41,29
14,Intermediate vs Random,Random,46,32
2,Intermediate vs Random,Random,35,33
1,Intermediate vs Random,Random,32,31
22,Intermediate vs Random,Random,43,21
2,Intermediate vs Random,Random,37,35
7,Intermediate vs Random,Random,35,28
7,Intermediate vs Random,Random,39,32
2,Intermediate vs Random,Intermediate,32,30
7,Intermediate vs Random,Random,35,28
12,Intermediate vs Random,Intermediate,40,28
2,Intermediate vs Random,Random,29,27
6,Intermediate vs Random,Random,38,32
8,Intermediate vs Random,Random,37,29
9,Intermediate vs Random,Random,36,27
1,Intermediate vs Random,Intermediate,36,35
12,Intermediate vs Random,Intermediate,38,26
3,Intermediate vs Random,Random,37,34
9,Intermediate vs Random,Random,44,35
6,Intermediate vs Random,Random,35,29
5,Intermediate vs Random,Intermediate,38,33
4,Intermediate vs Random,Intermediate,32,28
10,Intermediate vs Random,Intermediate,41,31
9,Intermediate vs Random,Intermediate,38,29
3,Intermediate vs Random,Intermediate,36,33
6,Intermediate vs Random,Intermediate,32,26
7,Intermediate vs Random,Random,38,31
19,Intermediate vs Random,Random,47,28
7,Intermediate vs Random,Random,34,27
14,Intermediate vs Random,Random,41,27
2,Intermediate vs Random,Intermediate,35,33
5,Intermediate vs Random,Intermediate,35,30
10,Intermediate vs Random,Random,41,31
11,Intermediate vs Random,Random,38,27
3,Intermediate vs Random,Random,32,29
3,Intermediate vs Random,Random,32,29
9,Intermediate vs Random,Random,38,29
3,Intermediate vs Random,Random,36,33
6,Intermediate vs Random,Intermediate,37,31
7,Intermediate vs Random,Intermediate,41,34
2,Intermediate vs Random,Intermediate,36,34
5,Intermediate vs Random,Intermediate,36,31
12,Intermediate vs Random,Random,46,34
13,Intermediate vs Random,Intermediate,41,28
9,Intermediate vs Random,Intermediate,38,29
1,Intermediate vs Random,Intermediate,33,32
4,Intermediate vs Random,Intermediate,35,31
1,Intermediate vs Random,Intermediate,34,33
12,Intermediate vs Random,Intermediate,41,29
2,Intermediate vs Random,Intermediate,35,33
11,Intermediate vs Random,Intermediate,39,28
8,Intermediate vs Random,Random,37,29
6,Intermediate vs Random,Random,35,29
8,Intermediate vs Random,Random,36,28
1,Intermediate vs Random,Random,35,34
7,Intermediate vs Random,Random,37,30
0,Intermediate vs Random,No one,35,35
7,Intermediate vs Random,Random,34,27
5,Intermediate vs Random,Random,39,34
1,Intermediate vs Random,Random,36,35
0,Intermediate vs Random,No one,28,28
7,Intermediate vs Random,Intermediate,35,28
4,Intermediate vs Random,Random,36,32
8,Intermediate vs Random,Random,41,33
3,Intermediate vs Random,Intermediate,36,33
11,Intermediate vs Random,Intermediate,41,30
2,Intermediate vs Random,Intermediate,35,33
7,Intermediate vs Random,Intermediate,35,28
5,Intermediate vs Random,Random,31,26
3,Intermediate vs Random,Random,37,34
19,Intermediate vs Random,Random,39,20
6,Intermediate vs Random,Intermediate,37,31
13,Intermediate vs Random,Intermediate,35,22
3,Intermediate vs Random,Intermediate,33,30
3,Intermediate vs Random,Random,33,30
4,Intermediate vs Random,Random,34,30
7,Intermediate vs Random,Intermediate,39,32
12,Intermediate vs Random,Intermediate,39,27
6,Intermediate vs Random,Intermediate,35,29
8,Intermediate vs Random,Random,35,27
7,Intermediate vs Random,Random,41,34
1,Intermediate vs Random,Intermediate,34,33
2,Intermediate vs Intermediate,Intermediate,30,28
0,Intermediate vs Intermediate,No one,44,44
1,Intermediate vs Intermediate,Intermediate,32,31
1,Intermediate vs Intermediate,Intermediate,23,22
3,Intermediate vs Intermediate,Intermediate,33,30
0,Intermediate vs Intermediate,No one,31,31
1,Intermediate vs Intermediate,Intermediate,32,31
2,Intermediate vs Intermediate,Intermediate,35,33
5,Intermediate vs Intermediate,Intermediate,34,29
3,Intermediate vs Intermediate,Intermediate,34,31
1,Intermediate vs Intermediate,Intermediate,45,44
0,Intermediate vs Intermediate,No one,29,29
4,Intermediate vs Intermediate,Intermediate,41,37
1,Intermediate vs Intermediate,Intermediate,27,26
2,Intermediate vs Intermediate,Intermediate,32,30
1,Intermediate vs Intermediate,Intermediate,47,46
1,Intermediate vs Intermediate,Intermediate,18,17
3,Intermediate vs Intermediate,Intermediate,38,35
2,Intermediate vs Intermediate,Intermediate,49,47
3,Intermediate vs Intermediate,Intermediate,41,38
2,Intermediate vs Intermediate,Intermediate,20,18
1,Intermediate vs Intermediate,Intermediate,41,40
2,Intermediate vs Intermediate,Intermediate,36,34
1,Intermediate vs Intermediate,Intermediate,38,37
1,Intermediate vs Intermediate,Intermediate,28,27
1,Intermediate vs Intermediate,Intermediate,39,38
1,Intermediate vs Intermediate,Intermediate,30,29
3,Intermediate vs Intermediate,Intermediate,39,36
3,Intermediate vs Intermediate,Intermediate,29,26
2,Intermediate vs Intermediate,Intermediate,43,41
1,Intermediate vs Intermediate,Intermediate,39,38
0,Intermediate vs Intermediate,No one,45,45
2,Intermediate vs Intermediate,Intermediate,41,39
2,Intermediate vs Intermediate,Intermediate,19,17
4,Intermediate vs Intermediate,Intermediate,32,28
4,Intermediate vs Intermediate,Intermediate,36,32
4,Intermediate vs Intermediate,Intermediate,34,30
4,Intermediate vs Intermediate,Intermediate,41,37
1,Intermediate vs Intermediate,Intermediate,38,37
0,Intermediate vs Intermediate,No one,43,43
1,Intermediate vs Intermediate,Intermediate,42,41
2,Intermediate vs Intermediate,Intermediate,39,37
2,Intermediate vs Intermediate,Intermediate,40,38
4,Intermediate vs Intermediate,Intermediate,43,39
0,Intermediate vs Intermediate,No one,30,30
2,Intermediate vs Intermediate,Intermediate,42,40
4,Intermediate vs Intermediate,Intermediate,40,36
0,Intermediate vs Intermediate,No one,23,23
0,Intermediate vs Intermediate,No one,22,22
0,Intermediate vs Intermediate,No one,44,44
1,Intermediate vs Intermediate,Intermediate,41,40
5,Intermediate vs Intermediate,Intermediate,29,24
0,Intermediate vs Intermediate,No one,28,28
2,Intermediate vs Intermediate,Intermediate,39,37
4,Intermediate vs Intermediate,Intermediate,25,21
3,Intermediate vs Intermediate,Intermediate,17,14
4,Intermediate vs Intermediate,Intermediate,29,25
0,Intermediate vs Intermediate,No one,22,22
2,Intermediate vs Intermediate,Intermediate,17,15
2,Intermediate vs Intermediate,Intermediate,44,42
1,Intermediate vs Intermediate,Intermediate,34,33
2,Intermediate vs Intermediate,Intermediate,41,39
2,Intermediate vs Intermediate,Intermediate,21,19
1,Intermediate vs Intermediate,Intermediate,33,32
1,Intermediate vs Intermediate,Intermediate,40,39
2,Intermediate vs Intermediate,Intermediate,33,31
1,Intermediate vs Intermediate,Intermediate,38,37
2,Intermediate vs Intermediate,Intermediate,42,40
7,Intermediate vs Intermediate,Intermediate,41,34
4,Intermediate vs Intermediate,Intermediate,36,32
4,Intermediate vs Intermediate,Intermediate,38,34
3,Intermediate vs Intermediate,Intermediate,24,21
2,Intermediate vs Intermediate,Intermediate,35,33
2,Intermediate vs Intermediate,Intermediate,44,42
0,Intermediate vs Intermediate,No one,29,29
2,Intermediate vs Intermediate,Intermediate,24,22
1,Intermediate vs Intermediate,Intermediate,46,45
2,Intermediate vs Intermediate,Intermediate,44,42
0,Intermediate vs Intermediate,No one,27,27
1,Intermediate vs Intermediate,Intermediate,27,26
0,Intermediate vs Intermediate,No one,32,32
1,Intermediate vs Intermediate,Intermediate,32,31
2,Intermediate vs Intermediate,Intermediate,42,40
1,Intermediate vs Intermediate,Intermediate,38,37
3,Intermediate vs Intermediate,Intermediate,49,46
3,Intermediate vs Intermediate,Intermediate,23,20
3,Intermediate vs Intermediate,Intermediate,36,33
0,Intermediate vs Intermediate,No one,45,45
0,Intermediate vs Intermediate,No one,36,36
0,Intermediate vs Intermediate,No one,34,34
1,Intermediate vs Intermediate,Intermediate,23,22
0,Intermediate vs Intermediate,No one,43,43
1,Intermediate vs Intermediate,Intermediate,35,34
0,Intermediate vs Intermediate,No one,23,23
1,Intermediate vs Intermediate,Intermediate,40,39
1,Intermediate vs Intermediate,Intermediate,46,45
1,Intermediate vs Intermediate,Intermediate,16,15
2,Intermediate vs Intermediate,Intermediate,46,44
2,Intermediate vs Intermediate,Intermediate,28,26
3,Intermediate vs Intermediate,Intermediate,32,29
1,Intermediate vs Intermediate,Intermediate,17,16
1,Intermediate vs Intermediate,Intermediate,30,29
1,Intermediate vs Intermediate,Intermediate,30,29
3,Intermediate vs Intermediate,Intermediate,34,31
2,Intermediate vs Intermediate,Intermediate,42,40
4,Intermediate vs Intermediate,Intermediate,17,13
2,Intermediate vs Intermediate,Intermediate,41,39
2,Intermediate vs Intermediate,Intermediate,17,15
1,Intermediate vs Intermediate,Intermediate,37,36
1,Intermediate vs Intermediate,Intermediate,15,14
1,Intermediate vs Intermediate,Intermediate,42,41
1,Intermediate vs Intermediate,Intermediate,34,33
3,Intermediate vs Intermediate,Intermediate,44,41
2,Intermediate vs Intermediate,Intermediate,42,40
0,Intermediate vs Intermediate,No one,22,22
1,Intermediate vs Intermediate,Intermediate,19,18
3,Intermediate vs Intermediate,Intermediate,25,22
2,Intermediate vs Intermediate,Intermediate,43,41
1,Intermediate vs Intermediate,Intermediate,20,19
2,Intermediate vs Intermediate,Intermediate,29,27
4,Intermediate vs Intermediate,Intermediate,36,32
0,Intermediate vs Intermediate,No one,36,36
1,Intermediate vs Intermediate,Intermediate,42,41
2,Intermediate vs Intermediate,Intermediate,19,17
2,Intermediate vs Intermediate,Intermediate,23,21
1,Intermediate vs Intermediate,Intermediate,31,30
1,Intermediate vs Intermediate,Intermediate,31,30
2,Intermediate vs Intermediate,Intermediate,29,27
0,Intermediate vs Intermediate,No one,28,28
1,Intermediate vs Intermediate,Intermediate,44,43
3,Intermediate vs Intermediate,Intermediate,45,42
0,Intermediate vs Intermediate,No one,16,16
1,Intermediate vs Intermediate,Intermediate,40,39
3,Intermediate vs Intermediate,Intermediate,36,33
4,Intermediate vs Intermediate,Intermediate,25,21
1,Intermediate vs Intermediate,Intermediate,29,28
2,Intermediate vs Intermediate,Intermediate,33,31
1,Intermediate vs Intermediate,Intermediate,37,36
1,Intermediate vs Intermediate,Intermediate,32,31
0,Intermediate vs Intermediate,No one,29,29
1,Intermediate vs Intermediate,Intermediate,33,32
2,Intermediate vs Intermediate,Intermediate,32,30
2,Intermediate vs Intermediate,Intermediate,26,24
3,Intermediate vs Intermediate,Intermediate,32,29
3,Intermediate vs Intermediate,Intermediate,33,30
0,Intermediate vs Intermediate,No one,24,24
1,Intermediate vs Intermediate,Intermediate,22,21
3,Intermediate vs Intermediate,Intermediate,40,37
1,Intermediate vs Intermediate,Intermediate,33,32
0,Intermediate vs Intermediate,No one,28,28
2,Intermediate vs Intermediate,Intermediate,31,29
0,Intermediate vs Intermediate,No one,44,44
1,Intermediate vs Intermediate,Intermediate,33,32
1,Intermediate vs Intermediate,Intermediate,26,25
2,Intermediate vs Intermediate,Intermediate,35,33
3,Intermediate vs Intermediate,Intermediate,28,25
1,Intermediate vs Intermediate,Intermediate,34,33
1,Intermediate vs Intermediate,Intermediate,25,24
2,Intermediate vs Intermediate,Intermediate,17,15
1,Intermediate vs Intermediate,Intermediate,28,27
2,Intermediate vs Intermediate,Intermediate,42,40
0,Intermediate vs Intermediate,No one,37,37
0,Intermediate vs Intermediate,No one,33,33
1,Intermediate vs Intermediate,Intermediate,25,24
0,Intermediate vs Intermediate,No one,23,23
4,Intermediate vs Intermediate,Intermediate,31,27
2,Intermediate vs Intermediate,Intermediate,29,27
3,Intermediate vs Intermediate,Intermediate,34,31
2,Intermediate vs Intermediate,Intermediate,34,32
1,Intermediate vs Intermediate,Intermediate,35,34
1,Intermediate vs Intermediate,Intermediate,27,26
2,Intermediate vs Intermediate,Intermediate,44,42
2,Intermediate vs Intermediate,Intermediate,40,38
2,Intermediate vs Intermediate,Intermediate,32,30
2,Intermediate vs Intermediate,Intermediate,36,34
1,Intermediate vs Intermediate,Intermediate,38,37
7,Intermediate vs Intermediate,Intermediate,36,29
1,Intermediate vs Intermediate,Intermediate,37,36
0,Intermediate vs Intermediate,No one,46,46
0,Intermediate vs Intermediate,No one,37,37
3,Intermediate vs Intermediate,Intermediate,39,36
1,Intermediate vs Intermediate,Intermediate,20,19
4,Intermediate vs Intermediate,Intermediate,18,14
3,Intermediate vs Intermediate,Intermediate,33,30
0,Intermediate vs Intermediate,No one,47,47
6,Intermediate vs Intermediate,Intermediate,34,28
1,Intermediate vs Intermediate,Intermediate,31,30
1,Intermediate vs Intermediate,Intermediate,40,39
2,Intermediate vs Intermediate,Intermediate,38,36
1,Intermediate vs Intermediate,Intermediate,24,23
2,Intermediate vs Intermediate,Intermediate,40,38
0,Intermediate vs Intermediate,No one,23,23
2,Intermediate vs Intermediate,Intermediate,20,18
3,Intermediate vs Intermediate,Intermediate,28,25
0,Intermediate vs Intermediate,No one,36,36
1,Intermediate vs Intermediate,Intermediate,18,17
1,Intermediate vs Intermediate,Intermediate,39,38
4,Intermediate vs Intermediate,Intermediate,45,41
2,Intermediate vs Intermediate,Intermediate,31,29
2,Intermediate vs Intermediate,Intermediate,46,44
1,Intermediate vs Intermediate,Intermediate,47,46
2,Intermediate vs Intermediate,Intermediate,35,33
6,Intermediate vs Intermediate,Intermediate,42,36
3,Intermediate vs Intermediate,Intermediate,39,36
4,Intermediate vs Intermediate,Intermediate,41,37
0,Intermediate vs Intermediate,No one,33,33
2,Intermediate vs Intermediate,Intermediate,21,19
5,Intermediate vs Intermediate,Intermediate,35,30
1,Intermediate vs Intermediate,Intermediate,42,41
4,Intermediate vs Intermediate,Intermediate,37,33
0,Intermediate vs Intermediate,No one,32,32
3,Intermediate vs Intermediate,Intermediate,45,42
1,Intermediate vs Intermediate,Intermediate,36,35
0,Intermediate vs Intermediate,No one,24,24
3,Intermediate vs Intermediate,Intermediate,37,34
0,Intermediate vs Intermediate,No one,32,32
3,Intermediate vs Intermediate,Intermediate,36,33
1,Intermediate vs Intermediate,Intermediate,40,39
0,Intermediate vs Intermediate,No one,11,11
0,Intermediate vs Intermediate,No one,39,39
1,Intermediate vs Intermediate,Intermediate,28,27
1,Intermediate vs Intermediate,Intermediate,39,38
2,Intermediate vs Intermediate,Intermediate,31,29
1,Intermediate vs Intermediate,Intermediate,27,26
1,Intermediate vs Intermediate,Intermediate,26,25
3,Intermediate vs Intermediate,Intermediate,37,34
1,Intermediate vs Intermediate,Intermediate,31,30
0,Intermediate vs Intermediate,No one,42,42
1,Intermediate vs Intermediate,Intermediate,42,41
1,Intermediate vs Intermediate,Intermediate,29,28
1,Intermediate vs Intermediate,Intermediate,18,17
1,Intermediate vs Intermediate,Intermediate,43,42
1,Intermediate vs Intermediate,Intermediate,3,2
1,Intermediate vs Intermediate,Intermediate,40,39
2,Intermediate vs Intermediate,Intermediate,33,31
1,Intermediate vs Intermediate,Intermediate,39,38
1,Intermediate vs Intermediate,Intermediate,35,34
2,Intermediate vs Intermediate,Intermediate,44,42
1,Intermediate vs Intermediate,Intermediate,38,37
5,Intermediate vs Intermediate,Intermediate,42,37
2,Intermediate vs Intermediate,Intermediate,39,37
1,Intermediate vs Intermediate,Intermediate,33,32
3,Intermediate vs Intermediate,Intermediate,41,38
5,Intermediate vs Intermediate,Intermediate,30,25
2,Intermediate vs Intermediate,Intermediate,51,49
0,Intermediate vs Intermediate,No one,46,46
1,Intermediate vs Intermediate,Intermediate,38,37
1,Intermediate vs Intermediate,Intermediate,43,42
0,Intermediate vs Intermediate,No one,36,36
1,Intermediate vs Intermediate,Intermediate,37,36
1,Intermediate vs Intermediate,Intermediate,44,43
2,Intermediate vs Intermediate,Intermediate,25,23
2,Intermediate vs Intermediate,Intermediate,47,45
2,Intermediate vs Intermediate,Intermediate,44,42
3,Intermediate vs Intermediate,Intermediate,43,40
2,Intermediate vs Intermediate,Intermediate,25,23
0,Intermediate vs Intermediate,No one,17,17
0,Intermediate vs Intermediate,No one,10,10
0,Intermediate vs Intermediate,No one,20,20
6,Intermediate vs Intermediate,Intermediate,40,34
1,Intermediate vs Intermediate,Intermediate,38,37
1,Intermediate vs Intermediate,Intermediate,36,35
1,Intermediate vs Intermediate,Intermediate,41,40
3,Intermediate vs Intermediate,Intermediate,40,37
1,Intermediate vs Intermediate,Intermediate,35,34
0,Intermediate vs Intermediate,No one,25,25
1,Intermediate vs Intermediate,Intermediate,37,36
0,Intermediate vs Intermediate,No one,21,21
1,Intermediate vs Intermediate,Intermediate,31,30
1,Intermediate vs Intermediate,Intermediate,5,4
4,Intermediate vs Intermediate,Intermediate,41,37
2,Intermediate vs Intermediate,Intermediate,33,31
3,Intermediate vs Intermediate,Intermediate,30,27
1,Intermediate vs Intermediate,Intermediate,28,27
2,Intermediate vs Intermediate,Intermediate,37,35
1,Intermediate vs Intermediate,Intermediate,34,33
1,Intermediate vs Intermediate,Intermediate,45,44
1,Intermediate vs Intermediate,Intermediate,26,25
1,Intermediate vs Intermediate,Intermediate,38,37
1,Intermediate vs Intermediate,Intermediate,15,14
1,Intermediate vs Intermediate,Intermediate,38,37
1,Intermediate vs Intermediate,Intermediate,24,23
5,Intermediate vs Intermediate,Intermediate,42,37
1,Intermediate vs Intermediate,Intermediate,37,36
4,Intermediate vs Intermediate,Intermediate,36,32
2,Intermediate vs Intermediate,Intermediate,36,34
3,Intermediate vs Intermediate,Intermediate,36,33
0,Intermediate vs Intermediate,No one,35,35
6,Intermediate vs Intermediate,Intermediate,50,44
1,Intermediate vs Intermediate,Intermediate,32,31
4,Intermediate vs Intermediate,Intermediate,42,38
3,Intermediate vs Intermediate,Intermediate,25,22
1,Intermediate vs Intermediate,Intermediate,35,34
3,Intermediate vs Intermediate,Intermediate,40,37
1,Intermediate vs Intermediate,Intermediate,27,26
2,Intermediate vs Intermediate,Intermediate,34,32
0,Intermediate vs Intermediate,No one,15,15
3,Intermediate vs Intermediate,Intermediate,44,41
1,Intermediate vs Intermediate,Intermediate,37,36
0,Intermediate vs Intermediate,No one,20,20
0,Intermediate vs Intermediate,No one,33,33
0,Intermediate vs Intermediate,No one,13,13
2,Intermediate vs Intermediate,Intermediate,45,43
1,Intermediate vs Intermediate,Intermediate,26,25
2,Intermediate vs Intermediate,Intermediate,43,41
1,Intermediate vs Intermediate,Intermediate,40,39
2,Intermediate vs Intermediate,Intermediate,37,35
1,Intermediate vs Intermediate,Intermediate,26,25
0,Intermediate vs Intermediate,No one,29,29
2,Intermediate vs Intermediate,Intermediate,38,36
0,Intermediate vs Intermediate,No one,46,46
0,Intermediate vs Intermediate,No one,30,30
3,Intermediate vs Intermediate,Intermediate,47,44
3,Intermediate vs Intermediate,Intermediate,45,42
1,Intermediate vs Intermediate,Intermediate,42,41
2,Intermediate vs Intermediate,Intermediate,40,38
1,Intermediate vs Intermediate,Intermediate,36,35
1,Intermediate vs Intermediate,Intermediate,41,40
1,Intermediate vs Intermediate,Intermediate,33,32
6,Intermediate vs Intermediate,Intermediate,46,40
1,Intermediate vs Intermediate,Intermediate,24,23
1,Intermediate vs Intermediate,Intermediate,44,43
0,Intermediate vs Intermediate,No one,31,31
1,Intermediate vs Intermediate,Intermediate,36,35
3,Intermediate vs Intermediate,Intermediate,45,42
0,Intermediate vs Intermediate,No one,28,28
2,Intermediate vs Intermediate,Intermediate,39,37
1,Intermediate vs Intermediate,Intermediate,25,24
2,Intermediate vs Intermediate,Intermediate,44,42
1,Intermediate vs Intermediate,Intermediate,25,24
2,Intermediate vs Intermediate,Intermediate,31,29
1,Intermediate vs Intermediate,Intermediate,32,31
3,Intermediate vs Intermediate,Intermediate,33,30
1,Intermediate vs Intermediate,Intermediate,46,45
1,Intermediate vs Intermediate,Intermediate,23,22
2,Intermediate vs Intermediate,Intermediate,32,30
1,Intermediate vs Intermediate,Intermediate,14,13
4,Intermediate vs Intermediate,Intermediate,21,17
2,Intermediate vs Intermediate,Intermediate,40,38
5,Intermediate vs Intermediate,Intermediate,47,42
2,Intermediate vs Intermediate,Intermediate,41,39
4,Intermediate vs Intermediate,Intermediate,43,39
1,Intermediate vs Intermediate,Intermediate,34,33
3,Intermediate vs Intermediate,Intermediate,32,29
1,Intermediate vs Intermediate,Intermediate,28,27
1,Intermediate vs Intermediate,Intermediate,45,44
2,Intermediate vs Intermediate,Intermediate,23,21
0,Intermediate vs Intermediate,No one,30,30
3,Intermediate vs Intermediate,Intermediate,29,26
0,Intermediate vs Intermediate,No one,45,45
0,Intermediate vs Intermediate,No one,26,26
3,Intermediate vs Intermediate,Intermediate,33,30
2,Intermediate vs Intermediate,Intermediate,34,32
1,Intermediate vs Intermediate,Intermediate,24,23
3,Intermediate vs Intermediate,Intermediate,37,34
0,Intermediate vs Intermediate,No one,31,31
1,Intermediate vs Intermediate,Intermediate,28,27
3,Intermediate vs Intermediate,Intermediate,35,32
2,Intermediate vs Intermediate,Intermediate,44,42
1,Intermediate vs Intermediate,Intermediate,19,18
1,Intermediate vs Intermediate,Intermediate,40,39
3,Intermediate vs Intermediate,Intermediate,24,21
5,Intermediate vs Intermediate,Intermediate,36,31
1,Intermediate vs Intermediate,Intermediate,44,43
0,Intermediate vs Intermediate,No one,28,28
0,Intermediate vs Intermediate,No one,33,33
1,Intermediate vs Intermediate,Intermediate,44,43
0,Intermediate vs Intermediate,No one,32,32
0,Intermediate vs Intermediate,No one,21,21
1,Intermediate vs Intermediate,Intermediate,34,33
3,Intermediate vs Intermediate,Intermediate,35,32
2,Intermediate vs Intermediate,Intermediate,35,33
1,Intermediate vs Intermediate,Intermediate,34,33
3,Intermediate vs Intermediate,Intermediate,46,43
1,Intermediate vs Intermediate,Intermediate,29,28
1,Intermediate vs Intermediate,Intermediate,35,34
3,Intermediate vs Intermediate,Intermediate,24,21
3,Intermediate vs Intermediate,Intermediate,36,33
0,Intermediate vs Intermediate,No one,48,48
1,Intermediate vs Intermediate,Intermediate,38,37
2,Intermediate vs Intermediate,Intermediate,39,37
0,Intermediate vs Intermediate,No one,43,43
0,Intermediate vs Intermediate,No one,31,31
3,Intermediate vs Intermediate,Intermediate,34,31
1,Intermediate vs Intermediate,Intermediate,26,25
0,Intermediate vs Intermediate,No one,34,34
1,Intermediate vs Intermediate,Intermediate,20,19
1,Intermediate vs Intermediate,Intermediate,41,40
2,Intermediate vs Intermediate,Intermediate,36,34
1,Intermediate vs Intermediate,Intermediate,36,35
4,Intermediate vs Intermediate,Intermediate,37,33
2,Intermediate vs Intermediate,Intermediate,31,29
1,Intermediate vs Intermediate,Intermediate,22,21
1,Intermediate vs Intermediate,Intermediate,17,16
0,Intermediate vs Intermediate,No one,41,41
1,Intermediate vs Intermediate,Intermediate,33,32
1,Intermediate vs Intermediate,Intermediate,32,31
2,Intermediate vs Intermediate,Intermediate,35,33
3,Intermediate vs Intermediate,Intermediate,31,28
0,Intermediate vs Intermediate,No one,35,35
0,Intermediate vs Intermediate,No one,33,33
0,Intermediate vs Intermediate,No one,40,40
4,Intermediate vs Intermediate,Intermediate,33,29
1,Intermediate vs Intermediate,Intermediate,38,37
1,Intermediate vs Intermediate,Intermediate,29,28
1,Intermediate vs Intermediate,Intermediate,37,36
0,Intermediate vs Intermediate,No one,40,40
1,Intermediate vs Intermediate,Intermediate,39,38
0,Intermediate vs Intermediate,No one,33,33
1,Intermediate vs Intermediate,Intermediate,39,38
3,Intermediate vs Intermediate,Intermediate,27,24
0,Intermediate vs Intermediate,No one,40,40
3,Intermediate vs Intermediate,Intermediate,33,30
2,Intermediate vs Intermediate,Intermediate,36,34
2,Intermediate vs Intermediate,Intermediate,16,14
1,Intermediate vs Intermediate,Intermediate,31,30
1,Intermediate vs Intermediate,Intermediate,43,42
0,Intermediate vs Intermediate,No one,38,38
1,Intermediate vs Intermediate,Intermediate,27,26
2,Intermediate vs Intermediate,Intermediate,32,30
2,Intermediate vs Intermediate,Intermediate,41,39
3,Intermediate vs Intermediate,Intermediate,24,21
4,Intermediate vs Intermediate,Intermediate,43,39
2,Intermediate vs Intermediate,Intermediate,25,23
3,Intermediate vs Intermediate,Intermediate,26,23
0,Intermediate vs Intermediate,No one,30,30
1,Intermediate vs Intermediate,Intermediate,32,31
0,Intermediate vs Intermediate,No one,30,30
1,Intermediate vs Intermediate,Intermediate,49,48
1,Intermediate vs Intermediate,Intermediate,26,25
4,Intermediate vs Intermediate,Intermediate,32,28
3,Intermediate vs Intermediate,Intermediate,36,33
1,Intermediate vs Intermediate,Intermediate,21,20
1,Intermediate vs Intermediate,Intermediate,40,39
1,Intermediate vs Intermediate,Intermediate,42,41
3,Intermediate vs Intermediate,Intermediate,50,47
2,Intermediate vs Intermediate,Intermediate,32,30
2,Intermediate vs Intermediate,Intermediate,38,36
0,Intermediate vs Intermediate,No one,32,32
0,Intermediate vs Intermediate,No one,44,44
2,Intermediate vs Intermediate,Intermediate,11,9
3,Intermediate vs Intermediate,Intermediate,34,31
3,Intermediate vs Intermediate,Intermediate,34,31
0,Intermediate vs Intermediate,No one,28,28
6,Intermediate vs Intermediate,Intermediate,33,27
1,Intermediate vs Intermediate,Intermediate,31,30
2,Intermediate vs Intermediate,Intermediate,33,31
2,Intermediate vs Intermediate,Intermediate,25,23
2,Intermediate vs Intermediate,Intermediate,40,38
2,Intermediate vs Intermediate,Intermediate,38,36
0,Intermediate vs Intermediate,No one,30,30
3,Intermediate vs Intermediate,Intermediate,49,46
4,Intermediate vs Intermediate,Intermediate,45,41
2,Intermediate vs Intermediate,Intermediate,26,24
1,Intermediate vs Intermediate,Intermediate,24,23
1,Intermediate vs Intermediate,Intermediate,40,39
0,Intermediate vs Intermediate,No one,38,38
2,Intermediate vs Intermediate,Intermediate,46,44
0,Intermediate vs Intermediate,No one,42,42
1,Intermediate vs Intermediate,Intermediate,34,33
1,Intermediate vs Intermediate,Intermediate,30,29
3,Intermediate vs Intermediate,Intermediate,42,39
0,Intermediate vs Intermediate,No one,31,31
1,Intermediate vs Intermediate,Intermediate,29,28
1,Intermediate vs Intermediate,Intermediate,14,13
1,Intermediate vs Intermediate,Intermediate,32,31
7,Intermediate vs Intermediate,Intermediate,50,43
3,Intermediate vs Intermediate,Intermediate,38,35
3,Intermediate vs Intermediate,Intermediate,32,29
0,Intermediate vs Intermediate,No one,15,15
2,Intermediate vs Intermediate,Intermediate,31,29
0,Intermediate vs Intermediate,No one,27,27
0,Intermediate vs Intermediate,No one,33,33
5,Intermediate vs Intermediate,Intermediate,29,24
5,Intermediate vs Intermediate,Intermediate,33,28
3,Intermediate vs Intermediate,Intermediate,28,25
1,Intermediate vs Intermediate,Intermediate,29,28
0,Intermediate vs Intermediate,No one,16,16
2,Intermediate vs Intermediate,Intermediate,25,23
1,Intermediate vs Intermediate,Intermediate,30,29
5,Intermediate vs Intermediate,Intermediate,39,34
1,Intermediate vs Intermediate,Intermediate,26,25
2,Intermediate vs Intermediate,Intermediate,43,41
0,Intermediate vs Intermediate,No one,32,32
0,Intermediate vs Intermediate,No one,22,22
1,Intermediate vs Intermediate,Intermediate,34,33
1,Intermediate vs Intermediate,Intermediate,19,18
4,Intermediate vs Intermediate,Intermediate,33,29
2,Intermediate vs Intermediate,Intermediate,42,40
1,Intermediate vs Intermediate,Intermediate,22,21
3,Intermediate vs Intermediate,Intermediate,26,23
1,Intermediate vs Intermediate,Intermediate,35,34
2,Intermediate vs Intermediate,Intermediate,42,40
1,Intermediate vs Intermediate,Intermediate,34,33
2,Intermediate vs Intermediate,Intermediate,29,27
1,Intermediate vs Intermediate,Intermediate,40,39
2,Intermediate vs Intermediate,Intermediate,29,27
3,Intermediate vs Intermediate,Intermediate,30,27
1,Intermediate vs Intermediate,Intermediate,43,42
0,Intermediate vs Intermediate,No one,27,27
1,Intermediate vs Intermediate,Intermediate,41,40
1,Intermediate vs Intermediate,Intermediate,33,32
0,Intermediate vs Intermediate,No one,28,28
2,Intermediate vs Intermediate,Intermediate,30,28
1,Intermediate vs Intermediate,Intermediate,42,41
1,Intermediate vs Intermediate,Intermediate,22,21
0,Intermediate vs Intermediate,No one,28,28
1,Intermediate vs Intermediate,Intermediate,31,30
1,Intermediate vs Intermediate,Intermediate,38,37
3,Intermediate vs Intermediate,Intermediate,40,37
1,Intermediate vs Intermediate,Intermediate,37,36
3,Intermediate vs Intermediate,Intermediate,40,37
2,Intermediate vs Intermediate,Intermediate,19,17
4,Intermediate vs Intermediate,Intermediate,40,36
3,Intermediate vs Intermediate,Intermediate,38,35
1,Intermediate vs Intermediate,Intermediate,30,29
0,Intermediate vs Intermediate,No one,29,29
1,Intermediate vs Intermediate,Intermediate,47,46
5,Intermediate vs Intermediate,Intermediate,32,27
0,Intermediate vs Intermediate,No one,27,27
2,Intermediate vs Intermediate,Intermediate,49,47
0,Intermediate vs Intermediate,No one,31,31
1,Intermediate vs Intermediate,Intermediate,34,33
1,Intermediate vs Intermediate,Intermediate,29,28
1,Intermediate vs Intermediate,Intermediate,42,41
0,Intermediate vs Intermediate,No one,26,26
2,Intermediate vs Intermediate,Intermediate,19,17
5,Intermediate vs Intermediate,Intermediate,41,36
3,Intermediate vs Intermediate,Intermediate,28,25
3,Intermediate vs Intermediate,Intermediate,40,37
2,Intermediate vs Intermediate,Intermediate,39,37
1,Intermediate vs Intermediate,Intermediate,41,40
0,Intermediate vs Intermediate,No one,39,39
2,Intermediate vs Intermediate,Intermediate,42,40
5,Intermediate vs Intermediate,Intermediate,49,44
1,Intermediate vs Intermediate,Intermediate,21,20
0,Intermediate vs Intermediate,No one,29,29
1,Intermediate vs Intermediate,Intermediate,34,33
0,Intermediate vs Intermediate,No one,44,44
2,Intermediate vs Intermediate,Intermediate,43,41
2,Intermediate vs Intermediate,Intermediate,35,33
0,Intermediate vs Intermediate,No one,37,37
3,Intermediate vs Intermediate,Intermediate,40,37
4,Intermediate vs Intermediate,Intermediate,45,41
0,Intermediate vs Intermediate,No one,44,44
1,Intermediate vs Intermediate,Intermediate,31,30
4,Intermediate vs Intermediate,Intermediate,36,32
4,Intermediate vs Intermediate,Intermediate,36,32
0,Intermediate vs Intermediate,No one,34,34
3,Intermediate vs Intermediate,Intermediate,45,42
2,Intermediate vs Intermediate,Intermediate,25,23
1,Intermediate vs Intermediate,Intermediate,34,33
2,Intermediate vs Intermediate,Intermediate,33,31
0,Intermediate vs Intermediate,No one,34,34
0,Intermediate vs Intermediate,No one,24,24
2,Intermediate vs Intermediate,Intermediate,28,26
2,Intermediate vs Intermediate,Intermediate,35,33
2,Intermediate vs Intermediate,Intermediate,39,37
0,Intermediate vs Intermediate,No one,37,37
4,Intermediate vs Intermediate,Intermediate,27,23
2,Intermediate vs Intermediate,Intermediate,41,39
2,Intermediate vs Intermediate,Intermediate,21,19
1,Intermediate vs Intermediate,Intermediate,45,44
0,Intermediate vs Intermediate,No one,42,42
1,Intermediate vs Intermediate,Intermediate,35,34
4,Intermediate vs Intermediate,Intermediate,31,27
2,Intermediate vs Intermediate,Intermediate,27,25
4,Intermediate vs Intermediate,Intermediate,31,27
3,Intermediate vs Intermediate,Intermediate,31,28
1,Intermediate vs Intermediate,Intermediate,46,45
2,Intermediate vs Intermediate,Intermediate,34,32
3,Intermediate vs Intermediate,Intermediate,33,30
2,Intermediate vs Intermediate,Intermediate,42,40
1,Intermediate vs Intermediate,Intermediate,17,16
2,Intermediate vs Intermediate,Intermediate,34,32
5,Intermediate vs Intermediate,Intermediate,45,40
2,Intermediate vs Intermediate,Intermediate,34,32
1,Intermediate vs Intermediate,Intermediate,30,29
0,Intermediate vs Intermediate,No one,22,22
3,Intermediate vs Intermediate,Intermediate,25,22
2,Intermediate vs Intermediate,Intermediate,21,19
0,Intermediate vs Intermediate,No one,33,33
2,Intermediate vs Intermediate,Intermediate,33,31
1,Intermediate vs Intermediate,Intermediate,29,28
0,Intermediate vs Intermediate,No one,38,38
4,Intermediate vs Intermediate,Intermediate,41,37
1,Intermediate vs Intermediate,Intermediate,31,30
0,Intermediate vs Intermediate,No one,25,25
1,Intermediate vs Intermediate,Intermediate,30,29
1,Intermediate vs Intermediate,Intermediate,31,30
0,Intermediate vs Intermediate,No one,35,35
1,Intermediate vs Intermediate,Intermediate,42,41
0,Intermediate vs Intermediate,No one,45,45
3,Intermediate vs Intermediate,Intermediate,34,31
1,Intermediate vs Intermediate,Intermediate,31,30
1,Intermediate vs Intermediate,Intermediate,36,35
1,Intermediate vs Intermediate,Intermediate,37,36
6,Intermediate vs Intermediate,Intermediate,47,41
3,Intermediate vs Intermediate,Intermediate,38,35
2,Intermediate vs Intermediate,Intermediate,29,27
3,Intermediate vs Intermediate,Intermediate,38,35
3,Intermediate vs Intermediate,Intermediate,51,48
3,Intermediate vs Intermediate,Intermediate,36,33
1,Intermediate vs Intermediate,Intermediate,38,37
2,Intermediate vs Intermediate,Intermediate,38,36
0,Intermediate vs Intermediate,No one,40,40
0,Intermediate vs Intermediate,No one,34,34
3,Intermediate vs Intermediate,Intermediate,41,38
3,Intermediate vs Intermediate,Intermediate,33,30
1,Intermediate vs Intermediate,Intermediate,48,47
3,Intermediate vs Intermediate,Intermediate,41,38
2,Intermediate vs Intermediate,Intermediate,37,35
1,Intermediate vs Intermediate,Intermediate,30,29
3,Intermediate vs Intermediate,Intermediate,20,17
1,Intermediate vs Intermediate,Intermediate,32,31
1,Intermediate vs Intermediate,Intermediate,49,48
1,Intermediate vs Intermediate,Intermediate,37,36
0,Intermediate vs Intermediate,No one,33,33
1,Intermediate vs Intermediate,Intermediate,31,30
0,Intermediate vs Intermediate,No one,39,39
3,Intermediate vs Intermediate,Intermediate,29,26
1,Intermediate vs Intermediate,Intermediate,18,17
4,Intermediate vs Intermediate,Intermediate,41,37
3,Intermediate vs Intermediate,Intermediate,38,35
1,Intermediate vs Intermediate,Intermediate,41,40
4,Intermediate vs Intermediate,Intermediate,44,40
0,Intermediate vs Intermediate,No one,20,20
2,Intermediate vs Intermediate,Intermediate,43,41
4,Intermediate vs Intermediate,Intermediate,47,43
0,Intermediate vs Intermediate,No one,28,28
1,Intermediate vs Intermediate,Intermediate,49,48
2,Intermediate vs Intermediate,Intermediate,23,21
3,Intermediate vs Intermediate,Intermediate,35,32
0,Intermediate vs Intermediate,No one,25,25
0,Intermediate vs Intermediate,No one,42,42
4,Intermediate vs Intermediate,Intermediate,36,32
1,Intermediate vs Intermediate,Intermediate,39,38
2,Intermediate vs Intermediate,Intermediate,36,34
2,Intermediate vs Intermediate,Intermediate,50,48
0,Intermediate vs Intermediate,No one,40,40
0,Intermediate vs Intermediate,No one,31,31
1,Intermediate vs Intermediate,Intermediate,36,35
2,Intermediate vs Intermediate,Intermediate,42,40
4,Intermediate vs Intermediate,Intermediate,28,24
5,Intermediate vs Intermediate,Intermediate,47,42
0,Intermediate vs Intermediate,No one,41,41
1,Intermediate vs Intermediate,Intermediate,39,38
1,Intermediate vs Intermediate,Intermediate,26,25
2,Intermediate vs Intermediate,Intermediate,26,24
0,Intermediate vs Intermediate,No one,40,40
4,Intermediate vs Intermediate,Intermediate,30,26
1,Intermediate vs Intermediate,Intermediate,35,34
1,Intermediate vs Intermediate,Intermediate,37,36
0,Intermediate vs Intermediate,No one,26,26
3,Intermediate vs Intermediate,Intermediate,42,39
1,Intermediate vs Intermediate,Intermediate,20,19
3,Intermediate vs Intermediate,Intermediate,51,48
3,Intermediate vs Intermediate,Intermediate,33,30
3,Intermediate vs Intermediate,Intermediate,34,31
0,Intermediate vs Intermediate,No one,15,15
1,Intermediate vs Intermediate,Intermediate,28,27
1,Intermediate vs Intermediate,Intermediate,39,38
1,Intermediate vs Intermediate,Intermediate,22,21
1,Intermediate vs Intermediate,Intermediate,24,23
1,Intermediate vs Intermediate,Intermediate,24,23
5,Intermediate vs Intermediate,Intermediate,31,26
3,Intermediate vs Intermediate,Intermediate,34,31
1,Intermediate vs Intermediate,Intermediate,36,35
1,Intermediate vs Intermediate,Intermediate,31,30
1,Intermediate vs Intermediate,Intermediate,34,33
1,Intermediate vs Intermediate,Intermediate,18,17
1,Intermediate vs Intermediate,Intermediate,28,27
2,Intermediate vs Intermediate,Intermediate,22,20
2,Intermediate vs Intermediate,Intermediate,32,30
1,Intermediate vs Intermediate,Intermediate,27,26
2,Intermediate vs Intermediate,Intermediate,42,40
2,Intermediate vs Intermediate,Intermediate,38,36
0,Intermediate vs Intermediate,No one,37,37
1,Intermediate vs Intermediate,Intermediate,44,43
1,Intermediate vs Intermediate,Intermediate,21,20
1,Intermediate vs Intermediate,Intermediate,37,36
3,Intermediate vs Intermediate,Intermediate,48,45
0,Intermediate vs Intermediate,No one,29,29
5,Intermediate vs Intermediate,Intermediate,47,42
2,Intermediate vs Intermediate,Intermediate,41,39
2,Intermediate vs Intermediate,Intermediate,37,35
1,Intermediate vs Intermediate,Intermediate,27,26
2,Intermediate vs Intermediate,Intermediate,32,30
1,Intermediate vs Intermediate,Intermediate,30,29
5,Intermediate vs Intermediate,Intermediate,38,33
2,Intermediate vs Intermediate,Intermediate,31,29
1,Intermediate vs Intermediate,Intermediate,34,33
2,Intermediate vs Intermediate,Intermediate,35,33
4,Intermediate vs Intermediate,Intermediate,50,46
2,Intermediate vs Intermediate,Intermediate,31,29
2,Intermediate vs Intermediate,Intermediate,23,21
2,Intermediate vs Intermediate,Intermediate,42,40
3,Intermediate vs Intermediate,Intermediate,33,30
0,Intermediate vs Intermediate,No one,38,38
1,Intermediate vs Intermediate,Intermediate,22,21
2,Intermediate vs Intermediate,Intermediate,46,44
1,Intermediate vs Intermediate,Intermediate,38,37
3,Intermediate vs Intermediate,Intermediate,44,41
1,Intermediate vs Intermediate,Intermediate,41,40
8,Intermediate vs Intermediate,Intermediate,45,37
0,Intermediate vs Intermediate,No one,27,27
1,Intermediate vs Intermediate,Intermediate,37,36
1,Intermediate vs Intermediate,Intermediate,41,40
0,Intermediate vs Intermediate,No one,12,12
1,Intermediate vs Intermediate,Intermediate,31,30
2,Intermediate vs Intermediate,Intermediate,28,26
0,Intermediate vs Intermediate,No one,32,32
5,Intermediate vs Intermediate,Intermediate,33,28
1,Intermediate vs Intermediate,Intermediate,27,26
3,Intermediate vs Intermediate,Intermediate,26,23
1,Intermediate vs Intermediate,Intermediate,18,17
6,Intermediate vs Intermediate,Intermediate,36,30
3,Intermediate vs Intermediate,Intermediate,35,32
1,Intermediate vs Intermediate,Intermediate,37,36
2,Intermediate vs Intermediate,Intermediate,41,39
0,Intermediate vs Intermediate,No one,37,37
4,Intermediate vs Intermediate,Intermediate,35,31
3,Intermediate vs Intermediate,Intermediate,24,21
1,Intermediate vs Intermediate,Intermediate,34,33
3,Intermediate vs Intermediate,Intermediate,39,36
1,Intermediate vs Intermediate,Intermediate,49,48
1,Intermediate vs Intermediate,Intermediate,30,29
0,Intermediate vs Intermediate,No one,42,42
1,Intermediate vs Intermediate,Intermediate,40,39
3,Intermediate vs Intermediate,Intermediate,34,31
1,Intermediate vs Intermediate,Intermediate,32,31
2,Intermediate vs Intermediate,Intermediate,21,19
1,Intermediate vs Intermediate,Intermediate,38,37
2,Intermediate vs Intermediate,Intermediate,15,13
1,Intermediate vs Intermediate,Intermediate,33,32
3,Intermediate vs Intermediate,Intermediate,34,31
3,Intermediate vs Intermediate,Intermediate,35,32
1,Intermediate vs Intermediate,Intermediate,45,44
0,Intermediate vs Intermediate,No one,25,25
1,Intermediate vs Intermediate,Intermediate,23,22
1,Intermediate vs Intermediate,Intermediate,41,40
2,Intermediate vs Intermediate,Intermediate,36,34
2,Intermediate vs Intermediate,Intermediate,32,30
2,Intermediate vs Intermediate,Intermediate,38,36
4,Intermediate vs Intermediate,Intermediate,37,33
0,Intermediate vs Intermediate,No one,25,25
0,Intermediate vs Intermediate,No one,33,33
2,Intermediate vs Intermediate,Intermediate,33,31
1,Intermediate vs Intermediate,Intermediate,44,43
2,Intermediate vs Intermediate,Intermediate,49,47
1,Intermediate vs Intermediate,Intermediate,26,25
2,Intermediate vs Intermediate,Intermediate,49,47
4,Intermediate vs Intermediate,Intermediate,30,26
8,Intermediate vs Intermediate,Intermediate,28,20
1,Intermediate vs Intermediate,Intermediate,44,43
1,Intermediate vs Intermediate,Intermediate,32,31
2,Intermediate vs Intermediate,Intermediate,32,30
2,Intermediate vs Intermediate,Intermediate,31,29
3,Intermediate vs Intermediate,Intermediate,32,29
2,Intermediate vs Intermediate,Intermediate,31,29
1,Intermediate vs Intermediate,Intermediate,31,30
3,Intermediate vs Intermediate,Intermediate,36,33
3,Intermediate vs Intermediate,Intermediate,49,46
3,Intermediate vs Intermediate,Intermediate,31,28
1,Intermediate vs Intermediate,Intermediate,34,33
0,Intermediate vs Intermediate,No one,42,42
8,Intermediate vs Intermediate,Intermediate,23,15
2,Intermediate vs Intermediate,Intermediate,35,33
4,Intermediate vs Intermediate,Intermediate,31,27
1,Intermediate vs Intermediate,Intermediate,26,25
0,Intermediate vs Intermediate,No one,22,22
0,Intermediate vs Intermediate,No one,35,35
4,Intermediate vs Intermediate,Intermediate,24,20
0,Intermediate vs Intermediate,No one,42,42
0,Intermediate vs Intermediate,No one,34,34
0,Intermediate vs Intermediate,No one,45,45
2,Intermediate vs Intermediate,Intermediate,51,49
1,Intermediate vs Intermediate,Intermediate,24,23
5,Intermediate vs Intermediate,Intermediate,40,35
1,Intermediate vs Intermediate,Intermediate,27,26
2,Intermediate vs Intermediate,Intermediate,21,19
2,Intermediate vs Intermediate,Intermediate,50,48
1,Intermediate vs Intermediate,Intermediate,43,42
4,Intermediate vs Intermediate,Intermediate,39,35
0,Intermediate vs Intermediate,No one,33,33
0,Intermediate vs Intermediate,No one,29,29
0,Intermediate vs Intermediate,No one,37,37
2,Intermediate vs Intermediate,Intermediate,24,22
1,Intermediate vs Intermediate,Intermediate,12,11
1,Intermediate vs Intermediate,Intermediate,28,27
1,Intermediate vs Intermediate,Intermediate,38,37
1,Intermediate vs Intermediate,Intermediate,34,33
0,Intermediate vs Intermediate,No one,42,42
1,Intermediate vs Intermediate,Intermediate,33,32
0,Intermediate vs Intermediate,No one,30,30
1,Intermediate vs Intermediate,Intermediate,43,42
1,Intermediate vs Intermediate,Intermediate,33,32
3,Intermediate vs Intermediate,Intermediate,49,46
3,Intermediate vs Intermediate,Intermediate,37,34
2,Intermediate vs Intermediate,Intermediate,37,35
0,Intermediate vs Intermediate,No one,25,25
2,Intermediate vs Intermediate,Intermediate,41,39
2,Intermediate vs Intermediate,Intermediate,44,42
2,Intermediate vs Intermediate,Intermediate,31,29
0,Intermediate vs Intermediate,No one,43,43
2,Intermediate vs Intermediate,Intermediate,40,38
0,Intermediate vs Intermediate,No one,41,41
1,Intermediate vs Intermediate,Intermediate,27,26
2,Intermediate vs Intermediate,Intermediate,51,49
2,Intermediate vs Intermediate,Intermediate,33,31
2,Intermediate vs Intermediate,Intermediate,30,28
2,Intermediate vs Intermediate,Intermediate,32,30
2,Intermediate vs Intermediate,Intermediate,39,37
1,Intermediate vs Intermediate,Intermediate,37,36
3,Intermediate vs Intermediate,Intermediate,40,37
0,Intermediate vs Intermediate,No one,30,30
0,Intermediate vs Intermediate,No one,35,35
3,Intermediate vs Intermediate,Intermediate,49,46
2,Intermediate vs Intermediate,Intermediate,19,17
1,Intermediate vs Intermediate,Intermediate,24,23
1,Intermediate vs Intermediate,Intermediate,36,35
0,Intermediate vs Intermediate,No one,47,47
3,Intermediate vs Intermediate,Intermediate,23,20
2,Intermediate vs Intermediate,Intermediate,45,43
4,Intermediate vs Intermediate,Intermediate,34,30
2,Intermediate vs Intermediate,Intermediate,21,19
1,Intermediate vs Intermediate,Intermediate,31,30
2,Intermediate vs Intermediate,Intermediate,43,41
3,Intermediate vs Intermediate,Intermediate,50,47
1,Intermediate vs Intermediate,Intermediate,39,38
3,Intermediate vs Intermediate,Intermediate,43,40
6,Intermediate vs Intermediate,Intermediate,43,37
1,Intermediate vs Intermediate,Intermediate,39,38
2,Intermediate vs Intermediate,Intermediate,39,37
3,Intermediate vs Intermediate,Intermediate,44,41
2,Intermediate vs Intermediate,Intermediate,37,35
4,Intermediate vs Intermediate,Intermediate,28,24
1,Intermediate vs Intermediate,Intermediate,44,43
1,Intermediate vs Intermediate,Intermediate,17,16
1,Intermediate vs Intermediate,Intermediate,34,33
5,Intermediate vs Intermediate,Intermediate,35,30
3,Intermediate vs Intermediate,Intermediate,33,30
1,Intermediate vs Intermediate,Intermediate,29,28
2,Intermediate vs Intermediate,Intermediate,32,30
2,Intermediate vs Intermediate,Intermediate,41,39
1,Intermediate vs Intermediate,Intermediate,35,34
4,Intermediate vs Intermediate,Intermediate,35,31
3,Intermediate vs Intermediate,Intermediate,35,32
4,Intermediate vs Intermediate,Intermediate,39,35
1,Intermediate vs Intermediate,Intermediate,36,35
2,Intermediate vs Intermediate,Intermediate,42,40
5,Intermediate vs Intermediate,Intermediate,33,28
0,Intermediate vs Intermediate,No one,37,37
1,Intermediate vs Intermediate,Intermediate,18,17
6,Intermediate vs Intermediate,Intermediate,38,32
1,Intermediate vs Intermediate,Intermediate,33,32
3,Intermediate vs Intermediate,Intermediate,31,28
3,Intermediate vs Intermediate,Intermediate,26,23
2,Intermediate vs Intermediate,Intermediate,44,42
0,Intermediate vs Intermediate,No one,29,29
2,Intermediate vs Intermediate,Intermediate,40,38
0,Intermediate vs Intermediate,No one,33,33
1,Intermediate vs Intermediate,Intermediate,40,39
2,Intermediate vs Intermediate,Intermediate,24,22
2,Intermediate vs Intermediate,Intermediate,43,41
3,Intermediate vs Intermediate,Intermediate,44,41
1,Intermediate vs Intermediate,Intermediate,25,24
0,Intermediate vs Intermediate,No one,45,45
3,Intermediate vs Intermediate,Intermediate,42,39
1,Intermediate vs Intermediate,Intermediate,40,39
4,Intermediate vs Intermediate,Intermediate,29,25
2,Intermediate vs Intermediate,Intermediate,46,44
2,Intermediate vs Intermediate,Intermediate,46,44
0,Intermediate vs Intermediate,No one,34,34
3,Intermediate vs Intermediate,Intermediate,33,30
3,Intermediate vs Intermediate,Intermediate,33,30
1,Intermediate vs Intermediate,Intermediate,36,35
1,Intermediate vs Intermediate,Intermediate,28,27
0,Intermediate vs Intermediate,No one,41,41
1,Intermediate vs Intermediate,Intermediate,33,32
1,Intermediate vs Intermediate,Intermediate,35,34
2,Intermediate vs Intermediate,Intermediate,37,35
0,Intermediate vs Intermediate,No one,41,41
2,Intermediate vs Intermediate,Intermediate,43,41
0,Intermediate vs Intermediate,No one,35,35
1,Intermediate vs Intermediate,Intermediate,28,27
4,Intermediate vs Intermediate,Intermediate,19,15
1,Intermediate vs Intermediate,Intermediate,37,36
1,Intermediate vs Intermediate,Intermediate,29,28
0,Intermediate vs Intermediate,No one,33,33
1,Intermediate vs Intermediate,Intermediate,22,21
0,Intermediate vs Intermediate,No one,19,19
1,Intermediate vs Intermediate,Intermediate,37,36
0,Intermediate vs Intermediate,No one,15,15
2,Intermediate vs Intermediate,Intermediate,23,21
0,Intermediate vs Intermediate,No one,24,24
1,Intermediate vs Intermediate,Intermediate,24,23
0,Intermediate vs Intermediate,No one,38,38
4,Intermediate vs Intermediate,Intermediate,39,35
1,Intermediate vs Intermediate,Intermediate,45,44
2,Intermediate vs Intermediate,Intermediate,31,29
3,Intermediate vs Intermediate,Intermediate,38,35
3,Intermediate vs Intermediate,Intermediate,23,20
2,Intermediate vs Intermediate,Intermediate,44,42
2,Intermediate vs Intermediate,Intermediate,22,20
1,Intermediate vs Intermediate,Intermediate,28,27
2,Intermediate vs Intermediate,Intermediate,43,41
4,Intermediate vs Intermediate,Intermediate,25,21
2,Intermediate vs Intermediate,Intermediate,51,49
2,Intermediate vs Intermediate,Intermediate,45,43
3,Intermediate vs Intermediate,Intermediate,31,28
2,Intermediate vs Intermediate,Intermediate,41,39
1,Intermediate vs Intermediate,Intermediate,38,37
3,Intermediate vs Intermediate,Intermediate,35,32
2,Intermediate vs Intermediate,Intermediate,41,39
2,Intermediate vs Intermediate,Intermediate,36,34
4,Intermediate vs Intermediate,Intermediate,29,25
3,Intermediate vs Intermediate,Intermediate,27,24
1,Intermediate vs Intermediate,Intermediate,42,41
5,Intermediate vs Intermediate,Intermediate,40,35
0,Intermediate vs Intermediate,No one,28,28
2,Intermediate vs Intermediate,Intermediate,28,26
1,Intermediate vs Intermediate,Intermediate,24,23
1,Intermediate vs Intermediate,Intermediate,18,17
0,Intermediate vs Intermediate,No one,30,30
0,Intermediate vs Intermediate,No one,35,35
2,Intermediate vs Intermediate,Intermediate,36,34
1,Intermediate vs Intermediate,Intermediate,30,29
0,Intermediate vs Intermediate,No one,45,45
0,Intermediate vs Intermediate,No one,22,22
4,Intermediate vs Intermediate,Intermediate,13,9
3,Intermediate vs Intermediate,Intermediate,47,44
1,Intermediate vs Intermediate,Intermediate,24,23
1,Intermediate vs Intermediate,Intermediate,25,24
3,Intermediate vs Intermediate,Intermediate,30,27
0,Intermediate vs Intermediate,No one,26,26
3,Intermediate vs Intermediate,Intermediate,31,28
4,Intermediate vs Intermediate,Intermediate,39,35
3,Intermediate vs Intermediate,Intermediate,34,31
1,Intermediate vs Intermediate,Intermediate,37,36
1,Intermediate vs Intermediate,Intermediate,39,38
1,Intermediate vs Intermediate,Intermediate,41,40
5,Intermediate vs Intermediate,Intermediate,30,25
0,Intermediate vs Intermediate,No one,19,19
2,Intermediate vs Intermediate,Intermediate,33,31
2,Intermediate vs Intermediate,Intermediate,51,49
1,Intermediate vs Intermediate,Intermediate,47,46
3,Intermediate vs Intermediate,Intermediate,34,31
1,Intermediate vs Intermediate,Intermediate,24,23
2,Intermediate vs Intermediate,Intermediate,43,41
1,Intermediate vs Intermediate,Intermediate,31,30
1,Intermediate vs Intermediate,Intermediate,47,46
1,Intermediate vs Intermediate,Intermediate,26,25
1,Intermediate vs Intermediate,Intermediate,36,35
0,Intermediate vs Intermediate,No one,34,34
1,Intermediate vs Intermediate,Intermediate,23,22
2,Intermediate vs Intermediate,Intermediate,41,39
2,Intermediate vs Intermediate,Intermediate,42,40
0,Intermediate vs Intermediate,No one,46,46
5,Intermediate vs Intermediate,Intermediate,21,16
3,Intermediate vs Intermediate,Intermediate,36,33
1,Intermediate vs Intermediate,Intermediate,40,39
1,Intermediate vs Intermediate,Intermediate,29,28
4,Intermediate vs Intermediate,Intermediate,33,29
1,Intermediate vs Intermediate,Intermediate,30,29
0,Intermediate vs Intermediate,No one,38,38
2,Intermediate vs Intermediate,Intermediate,44,42
2,Intermediate vs Intermediate,Intermediate,34,32
1,Intermediate vs Intermediate,Intermediate,41,40
4,Intermediate vs Intermediate,Intermediate,37,33
2,Intermediate vs Intermediate,Intermediate,46,44
1,Intermediate vs Intermediate,Intermediate,44,43
0,Intermediate vs Intermediate,No one,31,31
1,Intermediate vs Intermediate,Intermediate,25,24
2,Intermediate vs Intermediate,Intermediate,37,35
1,Intermediate vs Intermediate,Intermediate,34,33
2,Intermediate vs Intermediate,Intermediate,41,39
1,Intermediate vs Intermediate,Intermediate,40,39
2,Intermediate vs Intermediate,Intermediate,39,37
0,Intermediate vs Intermediate,No one,38,38
3,Intermediate vs Intermediate,Intermediate,25,22
3,Intermediate vs Intermediate,Intermediate,26,23
0,Intermediate vs Intermediate,No one,28,28
4,Intermediate vs Intermediate,Intermediate,51,47
3,Intermediate vs Intermediate,Intermediate,40,37
2,Intermediate vs Intermediate,Intermediate,24,22
4,Intermediate vs Intermediate,Intermediate,37,33
1,Intermediate vs Intermediate,Intermediate,38,37
0,Intermediate vs Intermediate,No one,30,30
0,Intermediate vs Intermediate,No one,40,40
1,Intermediate vs Intermediate,Intermediate,43,42
0,Intermediate vs Intermediate,No one,31,31
3,Intermediate vs Intermediate,Intermediate,45,42
1,Intermediate vs Intermediate,Intermediate,35,34
2,Intermediate vs Intermediate,Intermediate,37,35
1,Intermediate vs Intermediate,Intermediate,37,36
3,Intermediate vs Intermediate,Intermediate,39,36
0,Intermediate vs Intermediate,No one,24,24
4,Intermediate vs Intermediate,Intermediate,23,19
2,Intermediate vs Intermediate,Intermediate,34,32
89,Intermediate vs Advanced,Advanced,91,2
87,Intermediate vs Advanced,Advanced,90,3
87,Intermediate vs Advanced,Advanced,92,5
83,Intermediate vs Advanced,Advanced,90,7
91,Intermediate vs Advanced,Advanced,94,3
86,Intermediate vs Advanced,Advanced,90,4
83,Intermediate vs Advanced,Advanced,90,7
94,Intermediate vs Advanced,Advanced,95,1
92,Intermediate vs Advanced,Advanced,95,3
78,Intermediate vs Advanced,Advanced,85,7
89,Intermediate vs Advanced,Advanced,92,3
78,Intermediate vs Advanced,Advanced,85,7
86,Intermediate vs Advanced,Advanced,90,4
80,Intermediate vs Advanced,Advanced,88,8
89,Intermediate vs Advanced,Advanced,93,4
90,Intermediate vs Advanced,Advanced,93,3
85,Intermediate vs Advanced,Advanced,89,4
76,Intermediate vs Advanced,Advanced,85,9
82,Intermediate vs Advanced,Advanced,88,6
90,Intermediate vs Advanced,Advanced,94,4
84,Intermediate vs Advanced,Advanced,90,6
80,Intermediate vs Advanced,Advanced,86,6
87,Intermediate vs Advanced,Advanced,92,5
78,Intermediate vs Advanced,Advanced,86,8
91,Intermediate vs Advanced,Advanced,94,3
86,Intermediate vs Advanced,Advanced,91,5
82,Intermediate vs Advanced,Advanced,87,5
80,Intermediate vs Advanced,Advanced,88,8
85,Intermediate vs Advanced,Advanced,90,5
95,Intermediate vs Advanced,Advanced,96,1
82,Intermediate vs Advanced,Advanced,90,8
95,Intermediate vs Advanced,Advanced,95,0
88,Intermediate vs Advanced,Advanced,94,6
87,Intermediate vs Advanced,Advanced,91,4
94,Intermediate vs Advanced,Advanced,95,1
95,Intermediate vs Advanced,Advanced,95,0
85,Intermediate vs Advanced,Advanced,91,6
83,Intermediate vs Advanced,Advanced,88,5
83,Intermediate vs Advanced,Advanced,88,5
91,Intermediate vs Advanced,Advanced,94,3
94,Intermediate vs Advanced,Advanced,96,2
81,Intermediate vs Advanced,Advanced,89,8
83,Intermediate vs Advanced,Advanced,89,6
84,Intermediate vs Advanced,Advanced,90,6
85,Intermediate vs Advanced,Advanced,91,6
87,Intermediate vs Advanced,Advanced,90,3
86,Intermediate vs Advanced,Advanced,91,5
92,Intermediate vs Advanced,Advanced,94,2
89,Intermediate vs Advanced,Advanced,93,4
87,Intermediate vs Advanced,Advanced,92,5
92,Intermediate vs Advanced,Advanced,93,1
82,Intermediate vs Advanced,Advanced,88,6
86,Intermediate vs Advanced,Advanced,90,4
85,Intermediate vs Advanced,Advanced,89,4
86,Intermediate vs Advanced,Advanced,90,4
86,Intermediate vs Advanced,Advanced,91,5
85,Intermediate vs Advanced,Advanced,89,4
86,Intermediate vs Advanced,Advanced,92,6
95,Intermediate vs Advanced,Advanced,96,1
75,Intermediate vs Advanced,Advanced,86,11
92,Intermediate vs Advanced,Advanced,95,3
85,Intermediate vs Advanced,Advanced,92,7
87,Intermediate vs Advanced,Advanced,92,5
92,Intermediate vs Advanced,Advanced,93,1
86,Intermediate vs Advanced,Advanced,90,4
85,Intermediate vs Advanced,Advanced,89,4
90,Intermediate vs Advanced,Advanced,91,1
93,Intermediate vs Advanced,Advanced,96,3
90,Intermediate vs Advanced,Advanced,93,3
89,Intermediate vs Advanced,Advanced,93,4
85,Intermediate vs Advanced,Advanced,90,5
87,Intermediate vs Advanced,Advanced,90,3
85,Intermediate vs Advanced,Advanced,91,6
85,Intermediate vs Advanced,Advanced,90,5
93,Intermediate vs Advanced,Advanced,94,1
93,Intermediate vs Advanced,Advanced,95,2
87,Intermediate vs Advanced,Advanced,92,5
85,Intermediate vs Advanced,Advanced,89,4
88,Intermediate vs Advanced,Advanced,93,5
89,Intermediate vs Advanced,Advanced,92,3
90,Intermediate vs Advanced,Advanced,92,2
87,Intermediate vs Advanced,Advanced,92,5
88,Intermediate vs Advanced,Advanced,91,3
87,Intermediate vs Advanced,Advanced,90,3
80,Intermediate vs Advanced,Advanced,87,7
87,Intermediate vs Advanced,Advanced,92,5
80,Intermediate vs Advanced,Advanced,89,9
84,Intermediate vs Advanced,Advanced,91,7
88,Intermediate vs Advanced,Advanced,93,5
89,Intermediate vs Advanced,Advanced,91,2
84,Intermediate vs Advanced,Advanced,89,5
83,Intermediate vs Advanced,Advanced,89,6
88,Intermediate vs Advanced,Advanced,93,5
88,Intermediate vs Advanced,Advanced,91,3
91,Intermediate vs Advanced,Advanced,94,3
84,Intermediate vs Advanced,Advanced,90,6
88,Intermediate vs Advanced,Advanced,92,4
81,Intermediate vs Advanced,Advanced,89,8
84,Intermediate vs Advanced,Advanced,89,5
90,Intermediate vs Advanced,Advanced,93,3
86,Intermediate vs Advanced,Advanced,92,6
76,Intermediate vs Advanced,Advanced,86,10
85,Intermediate vs Advanced,Advanced,88,3
91,Intermediate vs Advanced,Advanced,94,3
85,Intermediate vs Advanced,Advanced,91,6
87,Intermediate vs Advanced,Advanced,93,6
81,Intermediate vs Advanced,Advanced,87,6
76,Intermediate vs Advanced,Advanced,86,10
79,Intermediate vs Advanced,Advanced,87,8
89,Intermediate vs Advanced,Advanced,93,4
83,Intermediate vs Advanced,Advanced,88,5
84,Intermediate vs Advanced,Advanced,88,4
87,Intermediate vs Advanced,Advanced,90,3
89,Intermediate vs Advanced,Advanced,93,4
84,Intermediate vs Advanced,Advanced,90,6
98,Intermediate vs Advanced,Advanced,98,0
91,Intermediate vs Advanced,Advanced,94,3
91,Intermediate vs Advanced,Advanced,94,3
88,Intermediate vs Advanced,Advanced,91,3
79,Intermediate vs Advanced,Advanced,87,8
86,Intermediate vs Advanced,Advanced,90,4
90,Intermediate vs Advanced,Advanced,94,4
90,Intermediate vs Advanced,Advanced,93,3
88,Intermediate vs Advanced,Advanced,92,4
96,Intermediate vs Advanced,Advanced,96,0
85,Intermediate vs Advanced,Advanced,90,5
82,Intermediate vs Advanced,Advanced,87,5
86,Intermediate vs Advanced,Advanced,90,4
86,Intermediate vs Advanced,Advanced,90,4
74,Intermediate vs Advanced,Advanced,84,10
94,Intermediate vs Advanced,Advanced,96,2
79,Intermediate vs Advanced,Advanced,89,10
94,Intermediate vs Advanced,Advanced,95,1
88,Intermediate vs Advanced,Advanced,92,4
86,Intermediate vs Advanced,Advanced,90,4
87,Intermediate vs Advanced,Advanced,91,4
86,Intermediate vs Advanced,Advanced,93,7
81,Intermediate vs Advanced,Advanced,89,8
85,Intermediate vs Advanced,Advanced,90,5
85,Intermediate vs Advanced,Advanced,90,5
89,Intermediate vs Advanced,Advanced,93,4
83,Intermediate vs Advanced,Advanced,90,7
83,Intermediate vs Advanced,Advanced,89,6
89,Intermediate vs Advanced,Advanced,92,3
85,Intermediate vs Advanced,Advanced,89,4
86,Intermediate vs Advanced,Advanced,91,5
80,Intermediate vs Advanced,Advanced,89,9
89,Intermediate vs Advanced,Advanced,91,2
91,Intermediate vs Advanced,Advanced,94,3
85,Intermediate vs Advanced,Advanced,89,4
89,Intermediate vs Advanced,Advanced,92,3
89,Intermediate vs Advanced,Advanced,93,4
87,Intermediate vs Advanced,Advanced,91,4
84,Intermediate vs Advanced,Advanced,88,4
87,Intermediate vs Advanced,Advanced,92,5
83,Intermediate vs Advanced,Advanced,89,6
87,Intermediate vs Advanced,Advanced,89,2
85,Intermediate vs Advanced,Advanced,89,4
84,Intermediate vs Advanced,Advanced,89,5
81,Intermediate vs Advanced,Advanced,87,6
89,Intermediate vs Advanced,Advanced,93,4
77,Intermediate vs Advanced,Advanced,85,8
90,Intermediate vs Advanced,Advanced,92,2
91,Intermediate vs Advanced,Advanced,94,3
94,Intermediate vs Advanced,Advanced,96,2
87,Intermediate vs Advanced,Advanced,91,4
84,Intermediate vs Advanced,Advanced,90,6
89,Intermediate vs Advanced,Advanced,92,3
90,Intermediate vs Advanced,Advanced,93,3
87,Intermediate vs Advanced,Advanced,92,5
90,Intermediate vs Advanced,Advanced,91,1
79,Intermediate vs Advanced,Advanced,87,8
84,Intermediate vs Advanced,Advanced,89,5
90,Intermediate vs Advanced,Advanced,91,1
87,Intermediate vs Advanced,Advanced,93,6
86,Intermediate vs Advanced,Advanced,88,2
80,Intermediate vs Advanced,Advanced,87,7
81,Intermediate vs Advanced,Advanced,88,7
94,Intermediate vs Advanced,Advanced,96,2
80,Intermediate vs Advanced,Advanced,88,8
87,Intermediate vs Advanced,Advanced,91,4
89,Intermediate vs Advanced,Advanced,94,5
90,Intermediate vs Advanced,Advanced,94,4
82,Intermediate vs Advanced,Advanced,90,8
92,Intermediate vs Advanced,Advanced,92,0
91,Intermediate vs Advanced,Advanced,93,2
90,Intermediate vs Advanced,Advanced,92,2
89,Intermediate vs Advanced,Advanced,92,3
86,Intermediate vs Advanced,Advanced,92,6
84,Intermediate vs Advanced,Advanced,88,4
84,Intermediate vs Advanced,Advanced,90,6
90,Intermediate vs Advanced,Advanced,93,3
81,Intermediate vs Advanced,Advanced,88,7
91,Intermediate vs Advanced,Advanced,94,3
83,Intermediate vs Advanced,Advanced,89,6
88,Intermediate vs Advanced,Advanced,93,5
86,Intermediate vs Advanced,Advanced,91,5
82,Intermediate vs Advanced,Advanced,90,8
79,Intermediate vs Advanced,Advanced,88,9
87,Intermediate vs Advanced,Advanced,91,4
87,Intermediate vs Advanced,Advanced,92,5
87,Intermediate vs Advanced,Advanced,91,4
90,Intermediate vs Advanced,Advanced,92,2
82,Intermediate vs Advanced,Advanced,90,8
83,Intermediate vs Advanced,Advanced,87,4
90,Intermediate vs Advanced,Advanced,92,2
89,Intermediate vs Advanced,Advanced,93,4
91,Intermediate vs Advanced,Advanced,93,2
89,Intermediate vs Advanced,Advanced,94,5
76,Intermediate vs Advanced,Advanced,84,8
92,Intermediate vs Advanced,Advanced,95,3
85,Intermediate vs Advanced,Advanced,89,4
87,Intermediate vs Advanced,Advanced,91,4
88,Intermediate vs Advanced,Advanced,91,3
87,Intermediate vs Advanced,Advanced,91,4
93,Intermediate vs Advanced,Advanced,95,2
80,Intermediate vs Advanced,Advanced,88,8
83,Intermediate vs Advanced,Advanced,90,7
91,Intermediate vs Advanced,Advanced,95,4
83,Intermediate vs Advanced,Advanced,88,5
91,Intermediate vs Advanced,Advanced,93,2
89,Intermediate vs Advanced,Advanced,92,3
91,Intermediate vs Advanced,Advanced,94,3
91,Intermediate vs Advanced,Advanced,94,3
93,Intermediate vs Advanced,Advanced,95,2
86,Intermediate vs Advanced,Advanced,88,2
91,Intermediate vs Advanced,Advanced,94,3
85,Intermediate vs Advanced,Advanced,89,4
86,Intermediate vs Advanced,Advanced,91,5
89,Intermediate vs Advanced,Advanced,93,4
84,Intermediate vs Advanced,Advanced,89,5
95,Intermediate vs Advanced,Advanced,95,0
88,Intermediate vs Advanced,Advanced,91,3
84,Intermediate vs Advanced,Advanced,89,5
82,Intermediate vs Advanced,Advanced,88,6
88,Intermediate vs Advanced,Advanced,91,3
85,Intermediate vs Advanced,Advanced,89,4
86,Intermediate vs Advanced,Advanced,90,4
89,Intermediate vs Advanced,Advanced,93,4
83,Intermediate vs Advanced,Advanced,89,6
80,Intermediate vs Advanced,Advanced,87,7
90,Intermediate vs Advanced,Advanced,93,3
88,Intermediate vs Advanced,Advanced,91,3
84,Intermediate vs Advanced,Advanced,91,7
90,Intermediate vs Advanced,Advanced,94,4
88,Intermediate vs Advanced,Advanced,93,5
90,Intermediate vs Advanced,Advanced,95,5
88,Intermediate vs Advanced,Advanced,91,3
84,Intermediate vs Advanced,Advanced,90,6
85,Intermediate vs Advanced,Advanced,91,6
80,Intermediate vs Advanced,Advanced,87,7
88,Intermediate vs Advanced,Advanced,91,3
87,Intermediate vs Advanced,Advanced,92,5
91,Intermediate vs Advanced,Advanced,94,3
90,Intermediate vs Advanced,Advanced,93,3
84,Intermediate vs Advanced,Advanced,87,3
87,Intermediate vs Advanced,Advanced,91,4
80,Intermediate vs Advanced,Advanced,88,8
89,Intermediate vs Advanced,Advanced,91,2
90,Intermediate vs Advanced,Advanced,94,4
79,Intermediate vs Advanced,Advanced,86,7
79,Intermediate vs Advanced,Advanced,88,9
89,Intermediate vs Advanced,Advanced,93,4
93,Intermediate vs Advanced,Advanced,95,2
82,Intermediate vs Advanced,Advanced,88,6
86,Intermediate vs Advanced,Advanced,91,5
90,Intermediate vs Advanced,Advanced,92,2
86,Intermediate vs Advanced,Advanced,90,4
87,Intermediate vs Advanced,Advanced,91,4
86,Intermediate vs Advanced,Advanced,89,3
88,Intermediate vs Advanced,Advanced,94,6
91,Intermediate vs Advanced,Advanced,93,2
91,Intermediate vs Advanced,Advanced,93,2
94,Intermediate vs Advanced,Advanced,95,1
85,Intermediate vs Advanced,Advanced,91,6
81,Intermediate vs Advanced,Advanced,88,7
95,Intermediate vs Advanced,Advanced,96,1
85,Intermediate vs Advanced,Advanced,88,3
88,Intermediate vs Advanced,Advanced,91,3
81,Intermediate vs Advanced,Advanced,88,7
83,Intermediate vs Advanced,Advanced,88,5
82,Intermediate vs Advanced,Advanced,87,5
92,Intermediate vs Advanced,Advanced,94,2
88,Intermediate vs Advanced,Advanced,92,4
83,Intermediate vs Advanced,Advanced,87,4
89,Intermediate vs Advanced,Advanced,91,2
85,Intermediate vs Advanced,Advanced,91,6
85,Intermediate vs Advanced,Advanced,91,6
86,Intermediate vs Advanced,Advanced,92,6
90,Intermediate vs Advanced,Advanced,94,4
86,Intermediate vs Advanced,Advanced,87,1
89,Intermediate vs Advanced,Advanced,92,3
80,Intermediate vs Advanced,Advanced,86,6
86,Intermediate vs Advanced,Advanced,91,5
84,Intermediate vs Advanced,Advanced,91,7
83,Intermediate vs Advanced,Advanced,89,6
94,Intermediate vs Advanced,Advanced,95,1
85,Intermediate vs Advanced,Advanced,90,5
83,Intermediate vs Advanced,Advanced,89,6
77,Intermediate vs Advanced,Advanced,85,8
87,Intermediate vs Advanced,Advanced,92,5
89,Intermediate vs Advanced,Advanced,94,5
88,Intermediate vs Advanced,Advanced,92,4
82,Intermediate vs Advanced,Advanced,89,7
89,Intermediate vs Advanced,Advanced,92,3
86,Intermediate vs Advanced,Advanced,91,5
90,Intermediate vs Advanced,Advanced,93,3
92,Intermediate vs Advanced,Advanced,95,3
87,Intermediate vs Advanced,Advanced,92,5
79,Intermediate vs Advanced,Advanced,87,8
84,Intermediate vs Advanced,Advanced,89,5
87,Intermediate vs Advanced,Advanced,90,3
84,Intermediate vs Advanced,Advanced,90,6
89,Intermediate vs Advanced,Advanced,93,4
89,Intermediate vs Advanced,Advanced,92,3
84,Intermediate vs Advanced,Advanced,90,6
92,Intermediate vs Advanced,Advanced,95,3
89,Intermediate vs Advanced,Advanced,93,4
82,Intermediate vs Advanced,Advanced,89,7
87,Intermediate vs Advanced,Advanced,90,3
84,Intermediate vs Advanced,Advanced,90,6
83,Intermediate vs Advanced,Advanced,90,7
93,Intermediate vs Advanced,Advanced,96,3
83,Intermediate vs Advanced,Advanced,90,7
84,Intermediate vs Advanced,Advanced,89,5
81,Intermediate vs Advanced,Advanced,88,7
90,Intermediate vs Advanced,Advanced,92,2
84,Intermediate vs Advanced,Advanced,90,6
91,Intermediate vs Advanced,Advanced,94,3
91,Intermediate vs Advanced,Advanced,93,2
86,Intermediate vs Advanced,Advanced,91,5
85,Intermediate vs Advanced,Advanced,91,6
84,Intermediate vs Advanced,Advanced,89,5
83,Intermediate vs Advanced,Advanced,88,5
93,Intermediate vs Advanced,Advanced,95,2
86,Intermediate vs Advanced,Advanced,92,6
86,Intermediate vs Advanced,Advanced,91,5
83,Intermediate vs Advanced,Advanced,90,7
93,Intermediate vs Advanced,Advanced,95,2
84,Intermediate vs Advanced,Advanced,91,7
88,Intermediate vs Advanced,Advanced,92,4
89,Intermediate vs Advanced,Advanced,92,3
94,Intermediate vs Advanced,Advanced,94,0
85,Intermediate vs Advanced,Advanced,91,6
89,Intermediate vs Advanced,Advanced,93,4
83,Intermediate vs Advanced,Advanced,90,7
83,Intermediate vs Advanced,Advanced,88,5
76,Intermediate vs Advanced,Advanced,84,8
94,Intermediate vs Advanced,Advanced,95,1
89,Intermediate vs Advanced,Advanced,92,3
88,Intermediate vs Advanced,Advanced,90,2
86,Intermediate vs Advanced,Advanced,90,4
89,Intermediate vs Advanced,Advanced,93,4
85,Intermediate vs Advanced,Advanced,91,6
88,Intermediate vs Advanced,Advanced,92,4
80,Intermediate vs Advanced,Advanced,87,7
82,Intermediate vs Advanced,Advanced,88,6
89,Intermediate vs Advanced,Advanced,92,3
84,Intermediate vs Advanced,Advanced,89,5
91,Intermediate vs Advanced,Advanced,94,3
89,Intermediate vs Advanced,Advanced,93,4
88,Intermediate vs Advanced,Advanced,92,4
74,Intermediate vs Advanced,Advanced,83,9
82,Intermediate vs Advanced,Advanced,88,6
86,Intermediate vs Advanced,Advanced,91,5
90,Intermediate vs Advanced,Advanced,92,2
82,Intermediate vs Advanced,Advanced,88,6
85,Intermediate vs Advanced,Advanced,90,5
87,Intermediate vs Advanced,Advanced,90,3
91,Intermediate vs Advanced,Advanced,92,1
91,Intermediate vs Advanced,Advanced,94,3
84,Intermediate vs Advanced,Advanced,89,5
86,Intermediate vs Advanced,Advanced,90,4
88,Intermediate vs Advanced,Advanced,92,4
82,Intermediate vs Advanced,Advanced,87,5
85,Intermediate vs Advanced,Advanced,90,5
83,Intermediate vs Advanced,Advanced,87,4
92,Intermediate vs Advanced,Advanced,95,3
93,Intermediate vs Advanced,Advanced,94,1
85,Intermediate vs Advanced,Advanced,90,5
90,Intermediate vs Advanced,Advanced,94,4
90,Intermediate vs Advanced,Advanced,93,3
89,Intermediate vs Advanced,Advanced,93,4
80,Intermediate vs Advanced,Advanced,87,7
97,Intermediate vs Advanced,Advanced,97,0
90,Intermediate vs Advanced,Advanced,92,2
84,Intermediate vs Advanced,Advanced,90,6
84,Intermediate vs Advanced,Advanced,90,6
82,Intermediate vs Advanced,Advanced,89,7
84,Intermediate vs Advanced,Advanced,89,5
82,Intermediate vs Advanced,Advanced,88,6
88,Intermediate vs Advanced,Advanced,92,4
79,Intermediate vs Advanced,Advanced,86,7
91,Intermediate vs Advanced,Advanced,94,3
82,Intermediate vs Advanced,Advanced,90,8
86,Intermediate vs Advanced,Advanced,90,4
87,Intermediate vs Advanced,Advanced,92,5
81,Intermediate vs Advanced,Advanced,88,7
83,Intermediate vs Advanced,Advanced,90,7
83,Intermediate vs Advanced,Advanced,88,5
86,Intermediate vs Advanced,Advanced,91,5
90,Intermediate vs Advanced,Advanced,93,3
81,Intermediate vs Advanced,Advanced,87,6
89,Intermediate vs Advanced,Advanced,93,4
85,Intermediate vs Advanced,Advanced,89,4
81,Intermediate vs Advanced,Advanced,88,7
84,Intermediate vs Advanced,Advanced,90,6
90,Intermediate vs Advanced,Advanced,94,4
87,Intermediate vs Advanced,Advanced,92,5
88,Intermediate vs Advanced,Advanced,92,4
84,Intermediate vs Advanced,Advanced,90,6
86,Intermediate vs Advanced,Advanced,90,4
89,Intermediate vs Advanced,Advanced,91,2
90,Intermediate vs Advanced,Advanced,92,2
90,Intermediate vs Advanced,Advanced,93,3
79,Intermediate vs Advanced,Advanced,86,7
83,Intermediate vs Advanced,Advanced,89,6
93,Intermediate vs Advanced,Advanced,95,2
86,Intermediate vs Advanced,Advanced,92,6
82,Intermediate vs Advanced,Advanced,88,6
90,Intermediate vs Advanced,Advanced,92,2
85,Intermediate vs Advanced,Advanced,91,6
88,Intermediate vs Advanced,Advanced,92,4
93,Intermediate vs Advanced,Advanced,95,2
84,Intermediate vs Advanced,Advanced,88,4
83,Intermediate vs Advanced,Advanced,89,6
92,Intermediate vs Advanced,Advanced,95,3
81,Intermediate vs Advanced,Advanced,88,7
90,Intermediate vs Advanced,Advanced,93,3
92,Intermediate vs Advanced,Advanced,96,4
76,Intermediate vs Advanced,Advanced,86,10
87,Intermediate vs Advanced,Advanced,91,4
86,Intermediate vs Advanced,Advanced,90,4
78,Intermediate vs Advanced,Advanced,86,8
88,Intermediate vs Advanced,Advanced,92,4
90,Intermediate vs Advanced,Advanced,94,4
90,Intermediate vs Advanced,Advanced,92,2
90,Intermediate vs Advanced,Advanced,93,3
85,Intermediate vs Advanced,Advanced,91,6
92,Intermediate vs Advanced,Advanced,94,2
88,Intermediate vs Advanced,Advanced,93,5
82,Intermediate vs Advanced,Advanced,88,6
91,Intermediate vs Advanced,Advanced,95,4
84,Intermediate vs Advanced,Advanced,90,6
89,Intermediate vs Advanced,Advanced,93,4
86,Intermediate vs Advanced,Advanced,91,5
90,Intermediate vs Advanced,Advanced,94,4
90,Intermediate vs Advanced,Advanced,93,3
90,Intermediate vs Advanced,Advanced,92,2
86,Intermediate vs Advanced,Advanced,90,4
93,Intermediate vs Advanced,Advanced,95,2
88,Intermediate vs Advanced,Advanced,92,4
89,Intermediate vs Advanced,Advanced,93,4
79,Intermediate vs Advanced,Advanced,86,7
84,Intermediate vs Advanced,Advanced,89,5
85,Intermediate vs Advanced,Advanced,89,4
87,Intermediate vs Advanced,Advanced,92,5
90,Intermediate vs Advanced,Advanced,94,4
88,Intermediate vs Advanced,Advanced,92,4
88,Intermediate vs Advanced,Advanced,92,4
91,Intermediate vs Advanced,Advanced,93,2
89,Intermediate vs Advanced,Advanced,91,2
83,Intermediate vs Advanced,Advanced,89,6
95,Intermediate vs Advanced,Advanced,95,0
88,Intermediate vs Advanced,Advanced,92,4
80,Intermediate vs Advanced,Advanced,88,8
82,Intermediate vs Advanced,Advanced,88,6
86,Intermediate vs Advanced,Advanced,89,3
87,Intermediate vs Advanced,Advanced,90,3
82,Intermediate vs Advanced,Advanced,88,6
81,Intermediate vs Advanced,Advanced,89,8
89,Intermediate vs Advanced,Advanced,92,3
90,Intermediate vs Advanced,Advanced,94,4
83,Intermediate vs Advanced,Advanced,90,7
91,Intermediate vs Advanced,Advanced,94,3
96,Intermediate vs Advanced,Advanced,96,0
79,Intermediate vs Advanced,Advanced,87,8
90,Intermediate vs Advanced,Advanced,94,4
87,Intermediate vs Advanced,Advanced,92,5
89,Intermediate vs Advanced,Advanced,90,1
84,Intermediate vs Advanced,Advanced,88,4
83,Intermediate vs Advanced,Advanced,89,6
87,Intermediate vs Advanced,Advanced,91,4
92,Intermediate vs Advanced,Advanced,93,1
83,Intermediate vs Advanced,Advanced,90,7
81,Intermediate vs Advanced,Advanced,88,7
89,Intermediate vs Advanced,Advanced,92,3
86,Intermediate vs Advanced,Advanced,91,5
91,Intermediate vs Advanced,Advanced,92,1
88,Intermediate vs Advanced,Advanced,93,5
78,Intermediate vs Advanced,Advanced,87,9
83,Intermediate vs Advanced,Advanced,89,6
87,Intermediate vs Advanced,Advanced,92,5
82,Intermediate vs Advanced,Advanced,90,8
91,Intermediate vs Advanced,Advanced,94,3
89,Intermediate vs Advanced,Advanced,92,3
87,Intermediate vs Advanced,Advanced,93,6
85,Intermediate vs Advanced,Advanced,90,5
83,Intermediate vs Advanced,Advanced,89,6
83,Intermediate vs Advanced,Advanced,90,7
88,Intermediate vs Advanced,Advanced,93,5
90,Intermediate vs Advanced,Advanced,94,4
86,Intermediate vs Advanced,Advanced,89,3
93,Intermediate vs Advanced,Advanced,94,1
80,Intermediate vs Advanced,Advanced,87,7
87,Intermediate vs Advanced,Advanced,90,3
93,Intermediate vs Advanced,Advanced,94,1
87,Intermediate vs Advanced,Advanced,93,6
87,Intermediate vs Advanced,Advanced,89,2
82,Intermediate vs Advanced,Advanced,90,8
87,Intermediate vs Advanced,Advanced,91,4
90,Intermediate vs Advanced,Advanced,93,3
86,Intermediate vs Advanced,Advanced,91,5
91,Intermediate vs Advanced,Advanced,93,2
91,Intermediate vs Advanced,Advanced,93,2
84,Intermediate vs Advanced,Advanced,90,6
93,Intermediate vs Advanced,Advanced,95,2
85,Intermediate vs Advanced,Advanced,91,6
87,Intermediate vs Advanced,Advanced,91,4
83,Intermediate vs Advanced,Advanced,89,6
90,Intermediate vs Advanced,Advanced,94,4
83,Intermediate vs Advanced,Advanced,91,8
90,Intermediate vs Advanced,Advanced,92,2
85,Intermediate vs Advanced,Advanced,90,5
90,Intermediate vs Advanced,Advanced,94,4
87,Intermediate vs Advanced,Advanced,92,5
86,Intermediate vs Advanced,Advanced,90,4
82,Intermediate vs Advanced,Advanced,89,7
80,Intermediate vs Advanced,Advanced,87,7
85,Intermediate vs Advanced,Advanced,91,6
89,Intermediate vs Advanced,Advanced,92,3
90,Intermediate vs Advanced,Advanced,93,3
87,Intermediate vs Advanced,Advanced,92,5
85,Intermediate vs Advanced,Advanced,89,4
90,Intermediate vs Advanced,Advanced,92,2
78,Intermediate vs Advanced,Advanced,86,8
83,Intermediate vs Advanced,Advanced,90,7
87,Intermediate vs Advanced,Advanced,92,5
92,Intermediate vs Advanced,Advanced,94,2
82,Intermediate vs Advanced,Advanced,87,5
82,Intermediate vs Advanced,Advanced,88,6
86,Intermediate vs Advanced,Advanced,91,5
88,Intermediate vs Advanced,Advanced,92,4
78,Intermediate vs Advanced,Advanced,86,8
86,Intermediate vs Advanced,Advanced,89,3
80,Intermediate vs Advanced,Advanced,88,8
89,Intermediate vs Advanced,Advanced,92,3
81,Intermediate vs Advanced,Advanced,88,7
91,Intermediate vs Advanced,Advanced,93,2
85,Intermediate vs Advanced,Advanced,91,6
89,Intermediate vs Advanced,Advanced,93,4
83,Intermediate vs Advanced,Advanced,87,4
83,Intermediate vs Advanced,Advanced,89,6
87,Intermediate vs Advanced,Advanced,92,5
88,Intermediate vs Advanced,Advanced,92,4
75,Intermediate vs Advanced,Advanced,84,9
87,Intermediate vs Advanced,Advanced,89,2
85,Intermediate vs Advanced,Advanced,90,5
80,Intermediate vs Advanced,Advanced,88,8
92,Intermediate vs Advanced,Advanced,94,2
86,Intermediate vs Advanced,Advanced,90,4
86,Intermediate vs Advanced,Advanced,91,5
85,Intermediate vs Advanced,Advanced,91,6
89,Intermediate vs Advanced,Advanced,94,5
87,Intermediate vs Advanced,Advanced,89,2
87,Intermediate vs Advanced,Advanced,91,4
91,Intermediate vs Advanced,Advanced,94,3
89,Intermediate vs Advanced,Advanced,92,3
90,Intermediate vs Advanced,Advanced,95,5
83,Intermediate vs Advanced,Advanced,87,4
89,Intermediate vs Advanced,Advanced,92,3
83,Intermediate vs Advanced,Advanced,88,5
89,Intermediate vs Advanced,Advanced,92,3
76,Intermediate vs Advanced,Advanced,84,8
80,Intermediate vs Advanced,Advanced,86,6
84,Intermediate vs Advanced,Advanced,89,5
92,Intermediate vs Advanced,Advanced,94,2
88,Intermediate vs Advanced,Advanced,92,4
83,Intermediate vs Advanced,Advanced,87,4
81,Intermediate vs Advanced,Advanced,88,7
83,Intermediate vs Advanced,Advanced,89,6
82,Intermediate vs Advanced,Advanced,90,8
88,Intermediate vs Advanced,Advanced,92,4
85,Intermediate vs Advanced,Advanced,90,5
90,Intermediate vs Advanced,Advanced,92,2
86,Intermediate vs Advanced,Advanced,89,3
77,Intermediate vs Advanced,Advanced,86,9
87,Intermediate vs Advanced,Advanced,91,4
86,Intermediate vs Advanced,Advanced,91,5
92,Intermediate vs Advanced,Advanced,94,2
86,Intermediate vs Advanced,Advanced,89,3
87,Intermediate vs Advanced,Advanced,92,5
82,Intermediate vs Advanced,Advanced,87,5
83,Intermediate vs Advanced,Advanced,90,7
82,Intermediate vs Advanced,Advanced,88,6
86,Intermediate vs Advanced,Advanced,90,4
85,Intermediate vs Advanced,Advanced,89,4
80,Intermediate vs Advanced,Advanced,86,6
84,Intermediate vs Advanced,Advanced,90,6
91,Intermediate vs Advanced,Advanced,93,2
85,Intermediate vs Advanced,Advanced,92,7
82,Intermediate vs Advanced,Advanced,88,6
93,Intermediate vs Advanced,Advanced,96,3
89,Intermediate vs Advanced,Advanced,92,3
87,Intermediate vs Advanced,Advanced,93,6
87,Intermediate vs Advanced,Advanced,93,6
88,Intermediate vs Advanced,Advanced,92,4
81,Intermediate vs Advanced,Advanced,87,6
87,Intermediate vs Advanced,Advanced,90,3
80,Intermediate vs Advanced,Advanced,87,7
90,Intermediate vs Advanced,Advanced,92,2
90,Intermediate vs Advanced,Advanced,91,1
84,Intermediate vs Advanced,Advanced,90,6
83,Intermediate vs Advanced,Advanced,90,7
89,Intermediate vs Advanced,Advanced,91,2
92,Intermediate vs Advanced,Advanced,95,3
89,Intermediate vs Advanced,Advanced,93,4
85,Intermediate vs Advanced,Advanced,91,6
79,Intermediate vs Advanced,Advanced,88,9
87,Intermediate vs Advanced,Advanced,92,5
80,Intermediate vs Advanced,Advanced,88,8
83,Intermediate vs Advanced,Advanced,90,7
84,Intermediate vs Advanced,Advanced,90,6
88,Intermediate vs Advanced,Advanced,92,4
78,Intermediate vs Advanced,Advanced,86,8
92,Intermediate vs Advanced,Advanced,93,1
83,Intermediate vs Advanced,Advanced,88,5
92,Intermediate vs Advanced,Advanced,94,2
84,Intermediate vs Advanced,Advanced,88,4
91,Intermediate vs Advanced,Advanced,93,2
94,Intermediate vs Advanced,Advanced,94,0
85,Intermediate vs Advanced,Advanced,90,5
87,Intermediate vs Advanced,Advanced,92,5
83,Intermediate vs Advanced,Advanced,89,6
84,Intermediate vs Advanced,Advanced,90,6
90,Intermediate vs Advanced,Advanced,93,3
91,Intermediate vs Advanced,Advanced,94,3
82,Intermediate vs Advanced,Advanced,88,6
86,Intermediate vs Advanced,Advanced,90,4
90,Intermediate vs Advanced,Advanced,94,4
69,Intermediate vs Advanced,Advanced,81,12
87,Intermediate vs Advanced,Advanced,90,3
89,Intermediate vs Advanced,Advanced,94,5
93,Intermediate vs Advanced,Advanced,96,3
85,Intermediate vs Advanced,Advanced,91,6
90,Intermediate vs Advanced,Advanced,95,5
84,Intermediate vs Advanced,Advanced,90,6
89,Intermediate vs Advanced,Advanced,92,3
82,Intermediate vs Advanced,Advanced,89,7
92,Intermediate vs Advanced,Advanced,94,2
87,Intermediate vs Advanced,Advanced,91,4
91,Intermediate vs Advanced,Advanced,93,2
80,Intermediate vs Advanced,Advanced,89,9
81,Intermediate vs Advanced,Advanced,89,8
86,Intermediate vs Advanced,Advanced,90,4
90,Intermediate vs Advanced,Advanced,93,3
85,Intermediate vs Advanced,Advanced,90,5
88,Intermediate vs Advanced,Advanced,92,4
95,Intermediate vs Advanced,Advanced,96,1
81,Intermediate vs Advanced,Advanced,88,7
88,Intermediate vs Advanced,Advanced,93,5
84,Intermediate vs Advanced,Advanced,90,6
88,Intermediate vs Advanced,Advanced,92,4
90,Intermediate vs Advanced,Advanced,92,2
92,Intermediate vs Advanced,Advanced,95,3
83,Intermediate vs Advanced,Advanced,88,5
85,Intermediate vs Advanced,Advanced,89,4
95,Intermediate vs Advanced,Advanced,96,1
81,Intermediate vs Advanced,Advanced,89,8
86,Intermediate vs Advanced,Advanced,92,6
89,Intermediate vs Advanced,Advanced,92,3
86,Intermediate vs Advanced,Advanced,90,4
87,Intermediate vs Advanced,Advanced,92,5
90,Intermediate vs Advanced,Advanced,93,3
89,Intermediate vs Advanced,Advanced,92,3
93,Intermediate vs Advanced,Advanced,95,2
90,Intermediate vs Advanced,Advanced,94,4
86,Intermediate vs Advanced,Advanced,91,5
88,Intermediate vs Advanced,Advanced,93,5
91,Intermediate vs Advanced,Advanced,93,2
87,Intermediate vs Advanced,Advanced,91,4
86,Intermediate vs Advanced,Advanced,91,5
87,Intermediate vs Advanced,Advanced,90,3
89,Intermediate vs Advanced,Advanced,92,3
92,Intermediate vs Advanced,Advanced,94,2
82,Intermediate vs Advanced,Advanced,89,7
86,Intermediate vs Advanced,Advanced,90,4
83,Intermediate vs Advanced,Advanced,88,5
90,Intermediate vs Advanced,Advanced,93,3
90,Intermediate vs Advanced,Advanced,92,2
87,Intermediate vs Advanced,Advanced,91,4
88,Intermediate vs Advanced,Advanced,90,2
88,Intermediate vs Advanced,Advanced,89,1
90,Intermediate vs Advanced,Advanced,94,4
91,Intermediate vs Advanced,Advanced,92,1
88,Intermediate vs Advanced,Advanced,93,5
78,Intermediate vs Advanced,Advanced,86,8
86,Intermediate vs Advanced,Advanced,91,5
90,Intermediate vs Advanced,Advanced,94,4
85,Intermediate vs Advanced,Advanced,89,4
76,Intermediate vs Advanced,Advanced,83,7
84,Intermediate vs Advanced,Advanced,90,6
84,Intermediate vs Advanced,Advanced,88,4
87,Intermediate vs Advanced,Advanced,90,3
85,Intermediate vs Advanced,Advanced,89,4
85,Intermediate vs Advanced,Advanced,91,6
92,Intermediate vs Advanced,Advanced,94,2
92,Intermediate vs Advanced,Advanced,95,3
84,Intermediate vs Advanced,Advanced,90,6
92,Intermediate vs Advanced,Advanced,95,3
83,Intermediate vs Advanced,Advanced,89,6
93,Intermediate vs Advanced,Advanced,95,2
86,Intermediate vs Advanced,Advanced,92,6
82,Intermediate vs Advanced,Advanced,88,6
85,Intermediate vs Advanced,Advanced,91,6
88,Intermediate vs Advanced,Advanced,91,3
87,Intermediate vs Advanced,Advanced,91,4
85,Intermediate vs Advanced,Advanced,90,5
90,Intermediate vs Advanced,Advanced,93,3
89,Intermediate vs Advanced,Advanced,91,2
84,Intermediate vs Advanced,Advanced,90,6
86,Intermediate vs Advanced,Advanced,91,5
83,Intermediate vs Advanced,Advanced,89,6
88,Intermediate vs Advanced,Advanced,92,4
90,Intermediate vs Advanced,Advanced,94,4
85,Intermediate vs Advanced,Advanced,91,6
84,Intermediate vs Advanced,Advanced,91,7
76,Intermediate vs Advanced,Advanced,87,11
81,Intermediate vs Advanced,Advanced,87,6
86,Intermediate vs Advanced,Advanced,90,4
83,Intermediate vs Advanced,Advanced,89,6
89,Intermediate vs Advanced,Advanced,93,4
87,Intermediate vs Advanced,Advanced,93,6
90,Intermediate vs Advanced,Advanced,93,3
88,Intermediate vs Advanced,Advanced,93,5
85,Intermediate vs Advanced,Advanced,89,4
90,Intermediate vs Advanced,Advanced,93,3
88,Intermediate vs Advanced,Advanced,92,4
86,Intermediate vs Advanced,Advanced,91,5
83,Intermediate vs Advanced,Advanced,88,5
89,Intermediate vs Advanced,Advanced,92,3
95,Intermediate vs Advanced,Advanced,95,0
93,Intermediate vs Advanced,Advanced,94,1
88,Intermediate vs Advanced,Advanced,93,5
93,Intermediate vs Advanced,Advanced,94,1
92,Intermediate vs Advanced,Advanced,94,2
90,Intermediate vs Advanced,Advanced,93,3
90,Intermediate vs Advanced,Advanced,93,3
90,Intermediate vs Advanced,Advanced,93,3
85,Intermediate vs Advanced,Advanced,90,5
82,Intermediate vs Advanced,Advanced,88,6
89,Intermediate vs Advanced,Advanced,92,3
82,Intermediate vs Advanced,Advanced,87,5
88,Intermediate vs Advanced,Advanced,93,5
86,Intermediate vs Advanced,Advanced,92,6
85,Intermediate vs Advanced,Advanced,89,4
85,Intermediate vs Advanced,Advanced,91,6
90,Intermediate vs Advanced,Advanced,93,3
83,Intermediate vs Advanced,Advanced,90,7
83,Intermediate vs Advanced,Advanced,88,5
89,Intermediate vs Advanced,Advanced,93,4
84,Intermediate vs Advanced,Advanced,89,5
86,Intermediate vs Advanced,Advanced,90,4
88,Intermediate vs Advanced,Advanced,91,3
83,Intermediate vs Advanced,Advanced,88,5
89,Intermediate vs Advanced,Advanced,93,4
89,Intermediate vs Advanced,Advanced,93,4
86,Intermediate vs Advanced,Advanced,92,6
88,Intermediate vs Advanced,Advanced,92,4
74,Intermediate vs Advanced,Advanced,84,10
95,Intermediate vs Advanced,Advanced,95,0
90,Intermediate vs Advanced,Advanced,93,3
82,Intermediate vs Advanced,Advanced,88,6
89,Intermediate vs Advanced,Advanced,92,3
86,Intermediate vs Advanced,Advanced,92,6
89,Intermediate vs Advanced,Advanced,92,3
88,Intermediate vs Advanced,Advanced,92,4
85,Intermediate vs Advanced,Advanced,91,6
91,Intermediate vs Advanced,Advanced,94,3
88,Intermediate vs Advanced,Advanced,91,3
88,Intermediate vs Advanced,Advanced,91,3
87,Intermediate vs Advanced,Advanced,93,6
85,Intermediate vs Advanced,Advanced,91,6
85,Intermediate vs Advanced,Advanced,90,5
85,Intermediate vs Advanced,Advanced,89,4
81,Intermediate vs Advanced,Advanced,87,6
80,Intermediate vs Advanced,Advanced,89,9
90,Intermediate vs Advanced,Advanced,94,4
87,Intermediate vs Advanced,Advanced,91,4
81,Intermediate vs Advanced,Advanced,89,8
87,Intermediate vs Advanced,Advanced,92,5
82,Intermediate vs Advanced,Advanced,89,7
84,Intermediate vs Advanced,Advanced,90,6
88,Intermediate vs Advanced,Advanced,90,2
91,Intermediate vs Advanced,Advanced,94,3
91,Intermediate vs Advanced,Advanced,93,2
85,Intermediate vs Advanced,Advanced,91,6
96,Intermediate vs Advanced,Advanced,97,1
83,Intermediate vs Advanced,Advanced,89,6
85,Intermediate vs Advanced,Advanced,91,6
94,Intermediate vs Advanced,Advanced,96,2
89,Intermediate vs Advanced,Advanced,94,5
78,Intermediate vs Advanced,Advanced,87,9
89,Intermediate vs Advanced,Advanced,92,3
88,Intermediate vs Advanced,Advanced,91,3
86,Intermediate vs Advanced,Advanced,90,4
79,Intermediate vs Advanced,Advanced,87,8
87,Intermediate vs Advanced,Advanced,92,5
85,Intermediate vs Advanced,Advanced,90,5
90,Intermediate vs Advanced,Advanced,94,4
78,Intermediate vs Advanced,Advanced,86,8
83,Intermediate vs Advanced,Advanced,88,5
81,Intermediate vs Advanced,Advanced,84,3
95,Intermediate vs Advanced,Advanced,96,1
81,Intermediate vs Advanced,Advanced,88,7
90,Intermediate vs Advanced,Advanced,93,3
82,Intermediate vs Advanced,Advanced,87,5
87,Intermediate vs Advanced,Advanced,92,5
89,Intermediate vs Advanced,Advanced,91,2
87,Intermediate vs Advanced,Advanced,91,4
94,Intermediate vs Advanced,Advanced,96,2
88,Intermediate vs Advanced,Advanced,91,3
93,Intermediate vs Advanced,Advanced,95,2
81,Intermediate vs Advanced,Advanced,88,7
91,Intermediate vs Advanced,Advanced,94,3
88,Intermediate vs Advanced,Advanced,91,3
89,Intermediate vs Advanced,Advanced,92,3
84,Intermediate vs Advanced,Advanced,90,6
90,Intermediate vs Advanced,Advanced,93,3
81,Intermediate vs Advanced,Advanced,89,8
90,Intermediate vs Advanced,Advanced,91,1
84,Intermediate vs Advanced,Advanced,90,6
85,Intermediate vs Advanced,Advanced,90,5
87,Intermediate vs Advanced,Advanced,90,3
88,Intermediate vs Advanced,Advanced,93,5
83,Intermediate vs Advanced,Advanced,88,5
90,Intermediate vs Advanced,Advanced,93,3
86,Intermediate vs Advanced,Advanced,90,4
88,Intermediate vs Advanced,Advanced,93,5
79,Intermediate vs Advanced,Advanced,86,7
93,Intermediate vs Advanced,Advanced,93,0
88,Intermediate vs Advanced,Advanced,91,3
83,Intermediate vs Advanced,Advanced,89,6
90,Intermediate vs Advanced,Advanced,91,1
85,Intermediate vs Advanced,Advanced,90,5
91,Intermediate vs Advanced,Advanced,94,3
82,Intermediate vs Advanced,Advanced,86,4
91,Intermediate vs Advanced,Advanced,93,2
86,Intermediate vs Advanced,Advanced,91,5
86,Intermediate vs Advanced,Advanced,90,4
88,Intermediate vs Advanced,Advanced,91,3
85,Intermediate vs Advanced,Advanced,90,5
89,Intermediate vs Advanced,Advanced,91,2
84,Intermediate vs Advanced,Advanced,89,5
89,Intermediate vs Advanced,Advanced,92,3
81,Intermediate vs Advanced,Advanced,87,6
79,Intermediate vs Advanced,Advanced,86,7
90,Intermediate vs Advanced,Advanced,93,3
87,Intermediate vs Advanced,Advanced,91,4
88,Intermediate vs Advanced,Advanced,92,4
90,Intermediate vs Advanced,Advanced,92,2
84,Intermediate vs Advanced,Advanced,91,7
85,Intermediate vs Advanced,Advanced,91,6
82,Intermediate vs Advanced,Advanced,88,6
84,Intermediate vs Advanced,Advanced,88,4
89,Intermediate vs Advanced,Advanced,91,2
85,Intermediate vs Advanced,Advanced,89,4
84,Intermediate vs Advanced,Advanced,90,6
90,Intermediate vs Advanced,Advanced,93,3
81,Intermediate vs Advanced,Advanced,89,8
80,Intermediate vs Advanced,Advanced,86,6
85,Intermediate vs Advanced,Advanced,88,3
82,Intermediate vs Advanced,Advanced,89,7
86,Intermediate vs Advanced,Advanced,90,4
90,Intermediate vs Advanced,Advanced,93,3
88,Intermediate vs Advanced,Advanced,92,4
89,Intermediate vs Advanced,Advanced,93,4
93,Intermediate vs Advanced,Advanced,93,0
88,Intermediate vs Advanced,Advanced,93,5
90,Intermediate vs Advanced,Advanced,93,3
79,Intermediate vs Advanced,Advanced,89,10
84,Intermediate vs Advanced,Advanced,90,6
81,Intermediate vs Advanced,Advanced,89,8
86,Intermediate vs Advanced,Advanced,91,5
84,Intermediate vs Advanced,Advanced,90,6
84,Intermediate vs Advanced,Advanced,90,6
86,Intermediate vs Advanced,Advanced,92,6
79,Intermediate vs Advanced,Advanced,86,7
82,Intermediate vs Advanced,Advanced,88,6
83,Intermediate vs Advanced,Advanced,89,6
90,Intermediate vs Advanced,Advanced,93,3
92,Intermediate vs Advanced,Advanced,93,1
89,Intermediate vs Advanced,Advanced,92,3
91,Intermediate vs Advanced,Advanced,93,2
86,Intermediate vs Advanced,Advanced,90,4
84,Intermediate vs Advanced,Advanced,89,5
88,Intermediate vs Advanced,Advanced,92,4
91,Intermediate vs Advanced,Advanced,93,2
91,Intermediate vs Advanced,Advanced,94,3
95,Intermediate vs Advanced,Advanced,97,2
84,Intermediate vs Advanced,Advanced,88,4
84,Intermediate vs Advanced,Advanced,90,6
87,Intermediate vs Advanced,Advanced,91,4
80,Intermediate vs Advanced,Advanced,88,8
86,Intermediate vs Advanced,Advanced,91,5
84,Intermediate vs Advanced,Advanced,88,4
86,Intermediate vs Advanced,Advanced,91,5
90,Intermediate vs Advanced,Advanced,93,3
86,Intermediate vs Advanced,Advanced,90,4
92,Intermediate vs Advanced,Advanced,95,3
88,Intermediate vs Advanced,Advanced,92,4
88,Intermediate vs Advanced,Advanced,92,4
87,Intermediate vs Advanced,Advanced,92,5
80,Intermediate vs Advanced,Advanced,87,7
81,Intermediate vs Advanced,Advanced,87,6
88,Intermediate vs Advanced,Advanced,90,2
85,Intermediate vs Advanced,Advanced,91,6
85,Intermediate vs Advanced,Advanced,89,4
88,Intermediate vs Advanced,Advanced,92,4
87,Intermediate vs Advanced,Advanced,93,6
83,Intermediate vs Advanced,Advanced,88,5
78,Intermediate vs Advanced,Advanced,87,9
88,Intermediate vs Advanced,Advanced,91,3
84,Intermediate vs Advanced,Advanced,90,6
85,Intermediate vs Advanced,Advanced,91,6
87,Intermediate vs Advanced,Advanced,91,4
87,Intermediate vs Advanced,Advanced,91,4
88,Intermediate vs Advanced,Advanced,93,5
84,Intermediate vs Advanced,Advanced,89,5
90,Intermediate vs Advanced,Advanced,92,2
85,Intermediate vs Advanced,Advanced,91,6
89,Intermediate vs Advanced,Advanced,92,3
85,Intermediate vs Advanced,Advanced,89,4
83,Intermediate vs Advanced,Advanced,90,7
84,Intermediate vs Advanced,Advanced,89,5
89,Intermediate vs Advanced,Advanced,92,3
82,Intermediate vs Advanced,Advanced,87,5
87,Intermediate vs Advanced,Advanced,91,4
87,Intermediate vs Advanced,Advanced,91,4
82,Intermediate vs Advanced,Advanced,88,6
87,Intermediate vs Advanced,Advanced,91,4
88,Intermediate vs Advanced,Advanced,92,4
86,Intermediate vs Advanced,Advanced,91,5
90,Intermediate vs Advanced,Advanced,92,2
78,Intermediate vs Advanced,Advanced,86,8
85,Intermediate vs Advanced,Advanced,90,5
78,Intermediate vs Advanced,Advanced,87,9
82,Intermediate vs Advanced,Advanced,88,6
94,Intermediate vs Advanced,Advanced,96,2
89,Intermediate vs Advanced,Advanced,93,4
82,Intermediate vs Advanced,Advanced,88,6
83,Intermediate vs Advanced,Advanced,89,6
86,Intermediate vs Advanced,Advanced,92,6
89,Intermediate vs Advanced,Advanced,93,4
84,Intermediate vs Advanced,Advanced,90,6
88,Intermediate vs Advanced,Advanced,93,5
77,Intermediate vs Advanced,Advanced,85,8
81,Intermediate vs Advanced,Advanced,89,8
84,Intermediate vs Advanced,Advanced,89,5
89,Intermediate vs Advanced,Advanced,92,3
94,Intermediate vs Advanced,Advanced,95,1
91,Intermediate vs Advanced,Advanced,93,2
88,Intermediate vs Advanced,Advanced,92,4
94,Intermediate vs Advanced,Advanced,95,1
85,Intermediate vs Advanced,Advanced,92,7
80,Intermediate vs Advanced,Advanced,88,8
86,Intermediate vs Advanced,Advanced,89,3
80,Intermediate vs Advanced,Advanced,88,8
84,Intermediate vs Advanced,Advanced,90,6
84,Intermediate vs Advanced,Advanced,89,5
90,Intermediate vs Advanced,Advanced,94,4
85,Intermediate vs Advanced,Advanced,90,5
91,Intermediate vs Advanced,Advanced,95,4
88,Intermediate vs Advanced,Advanced,91,3
90,Intermediate vs Advanced,Advanced,93,3
88,Intermediate vs Advanced,Advanced,91,3
88,Intermediate vs Advanced,Advanced,92,4
76,Intermediate vs Advanced,Advanced,84,8
92,Intermediate vs Advanced,Advanced,95,3
92,Intermediate vs Advanced,Advanced,95,3
91,Intermediate vs Advanced,Advanced,94,3
89,Intermediate vs Advanced,Advanced,92,3
86,Intermediate vs Advanced,Advanced,92,6
88,Intermediate vs Advanced,Advanced,92,4
94,Intermediate vs Advanced,Advanced,95,1
91,Intermediate vs Advanced,Advanced,93,2
88,Intermediate vs Advanced,Advanced,90,2
87,Intermediate vs Advanced,Advanced,91,4
88,Intermediate vs Advanced,Advanced,93,5
86,Intermediate vs Advanced,Advanced,92,6
87,Intermediate vs Advanced,Advanced,91,4
87,Intermediate vs Advanced,Advanced,92,5
91,Intermediate vs Advanced,Advanced,94,3
79,Intermediate vs Advanced,Advanced,88,9
90,Intermediate vs Advanced,Advanced,93,3
91,Intermediate vs Advanced,Advanced,93,2
88,Intermediate vs Advanced,Advanced,92,4
85,Intermediate vs Advanced,Advanced,90,5
88,Intermediate vs Advanced,Advanced,93,5
92,Intermediate vs Advanced,Advanced,95,3
22,Advanced vs Advanced,Advanced,29,7
32,Advanced vs Advanced,Advanced,55,23
21,Advanced vs Advanced,Advanced,36,15
12,Advanced vs Advanced,Advanced,42,30
36,Advanced vs Advanced,Advanced,47,11
11,Advanced vs Advanced,Advanced,38,27
22,Advanced vs Advanced,Advanced,50,28
28,Advanced vs Advanced,Advanced,61,33
61,Advanced vs Advanced,Advanced,73,12
8,Advanced vs Advanced,Advanced,43,35
6,Advanced vs Advanced,Advanced,25,19
6,Advanced vs Advanced,Advanced,45,39
22,Advanced vs Advanced,Advanced,42,20
40,Advanced vs Advanced,Advanced,47,7
5,Advanced vs Advanced,Advanced,31,26
55,Advanced vs Advanced,Advanced,59,4
3,Advanced vs Advanced,Advanced,43,40
76,Advanced vs Advanced,Advanced,76,0
36,Advanced vs Advanced,Advanced,53,17
26,Advanced vs Advanced,Advanced,41,15
42,Advanced vs Advanced,Advanced,57,15
15,Advanced vs Advanced,Advanced,45,30
12,Advanced vs Advanced,Advanced,12,0
1,Advanced vs Advanced,Advanced,26,25
18,Advanced vs Advanced,Advanced,44,26
33,Advanced vs Advanced,Advanced,51,18
34,Advanced vs Advanced,Advanced,40,6
5,Advanced vs Advanced,Advanced,26,21
2,Advanced vs Advanced,Advanced,30,28
16,Advanced vs Advanced,Advanced,36,20
38,Advanced vs Advanced,Advanced,68,30
29,Advanced vs Advanced,Advanced,40,11
24,Advanced vs Advanced,Advanced,44,20
17,Advanced vs Advanced,Advanced,35,18
22,Advanced vs Advanced,Advanced,34,12
10,Advanced vs Advanced,Advanced,29,19
54,Advanced vs Advanced,Advanced,62,8
16,Advanced vs Advanced,Advanced,26,10
13,Advanced vs Advanced,Advanced,40,27
61,Advanced vs Advanced,Advanced,61,0
25,Advanced vs Advanced,Advanced,39,14
39,Advanced vs Advanced,Advanced,56,17
16,Advanced vs Advanced,Advanced,42,26
24,Advanced vs Advanced,Advanced,43,19
39,Advanced vs Advanced,Advanced,55,16
24,Advanced vs Advanced,Advanced,32,8
43,Advanced vs Advanced,Advanced,53,10
41,Advanced vs Advanced,Advanced,55,14
9,Advanced vs Advanced,Advanced,43,34
27,Advanced vs Advanced,Advanced,53,26
50,Advanced vs Advanced,Advanced,62,12
18,Advanced vs Advanced,Advanced,38,20
44,Advanced vs Advanced,Advanced,61,17
13,Advanced vs Advanced,Advanced,42,29
2,Advanced vs Advanced,Advanced,26,24
31,Advanced vs Advanced,Advanced,59,28
5,Advanced vs Advanced,Advanced,45,40
1,Advanced vs Advanced,Advanced,45,44
24,Advanced vs Advanced,Advanced,38,14
3,Advanced vs Advanced,Advanced,41,38
11,Advanced vs Advanced,Advanced,32,21
3,Advanced vs Advanced,Advanced,25,22
23,Advanced vs Advanced,Advanced,59,36
30,Advanced vs Advanced,Advanced,45,15
2,Advanced vs Advanced,Advanced,37,35
15,Advanced vs Advanced,Advanced,39,24
4,Advanced vs Advanced,Advanced,46,42
21,Advanced vs Advanced,Advanced,37,16
12,Advanced vs Advanced,Advanced,29,17
40,Advanced vs Advanced,Advanced,49,9
52,Advanced vs Advanced,Advanced,75,23
52,Advanced vs Advanced,Advanced,61,9
10,Advanced vs Advanced,Advanced,37,27
10,Advanced vs Advanced,Advanced,45,35
13,Advanced vs Advanced,Advanced,49,36
46,Advanced vs Advanced,Advanced,69,23
1,Advanced vs Advanced,Advanced,41,40
20,Advanced vs Advanced,Advanced,46,26
10,Advanced vs Advanced,Advanced,45,35
36,Advanced vs Advanced,Advanced,53,17
4,Advanced vs Advanced,Advanced,26,22
14,Advanced vs Advanced,Advanced,43,29
24,Advanced vs Advanced,Advanced,39,15
33,Advanced vs Advanced,Advanced,42,9
6,Advanced vs Advanced,Advanced,28,22
25,Advanced vs Advanced,Advanced,27,2
7,Advanced vs Advanced,Advanced,39,32
3,Advanced vs Advanced,Advanced,15,12
32,Advanced vs Advanced,Advanced,47,15
56,Advanced vs Advanced,Advanced,61,5
19,Advanced vs Advanced,Advanced,51,32
38,Advanced vs Advanced,Advanced,62,24
50,Advanced vs Advanced,Advanced,60,10
25,Advanced vs Advanced,Advanced,49,24
23,Advanced vs Advanced,Advanced,49,26
14,Advanced vs Advanced,Advanced,28,14
17,Advanced vs Advanced,Advanced,43,26
57,Advanced vs Advanced,Advanced,59,2
3,Advanced vs Advanced,Advanced,25,22
11,Advanced vs Advanced,Advanced,44,33
30,Advanced vs Advanced,Advanced,50,20
15,Advanced vs Advanced,Advanced,36,21
4,Advanced vs Advanced,Advanced,36,32
25,Advanced vs Advanced,Advanced,57,32
37,Advanced vs Advanced,Advanced,59,22
5,Advanced vs Advanced,Advanced,35,30
8,Advanced vs Advanced,Advanced,35,27
18,Advanced vs Advanced,Advanced,36,18
20,Advanced vs Advanced,Advanced,30,10
16,Advanced vs Advanced,Advanced,41,25
9,Advanced vs Advanced,Advanced,38,29
17,Advanced vs Advanced,Advanced,27,10
31,Advanced vs Advanced,Advanced,50,19
38,Advanced vs Advanced,Advanced,67,29
4,Advanced vs Advanced,Advanced,40,36
10,Advanced vs Advanced,Advanced,27,17
6,Advanced vs Advanced,Advanced,41,35
10,Advanced vs Advanced,Advanced,45,35
33,Advanced vs Advanced,Advanced,52,19
15,Advanced vs Advanced,Advanced,43,28
45,Advanced vs Advanced,Advanced,70,25
1,Advanced vs Advanced,Advanced,29,28
2,Advanced vs Advanced,Advanced,34,32
45,Advanced vs Advanced,Advanced,49,4
23,Advanced vs Advanced,Advanced,46,23
50,Advanced vs Advanced,Advanced,69,19
30,Advanced vs Advanced,Advanced,43,13
9,Advanced vs Advanced,Advanced,39,30
8,Advanced vs Advanced,Advanced,21,13
44,Advanced vs Advanced,Advanced,68,24
12,Advanced vs Advanced,Advanced,30,18
15,Advanced vs Advanced,Advanced,56,41
7,Advanced vs Advanced,Advanced,42,35
3,Advanced vs Advanced,Advanced,13,10
8,Advanced vs Advanced,Advanced,54,46
52,Advanced vs Advanced,Advanced,54,2
2,Advanced vs Advanced,Advanced,41,39
11,Advanced vs Advanced,Advanced,28,17
31,Advanced vs Advanced,Advanced,58,27
9,Advanced vs Advanced,Advanced,44,35
3,Advanced vs Advanced,Advanced,33,30
54,Advanced vs Advanced,Advanced,59,5
3,Advanced vs Advanced,Advanced,42,39
76,Advanced vs Advanced,Advanced,76,0
41,Advanced vs Advanced,Advanced,54,13
43,Advanced vs Advanced,Advanced,60,17
30,Advanced vs Advanced,Advanced,58,28
5,Advanced vs Advanced,Advanced,37,32
15,Advanced vs Advanced,Advanced,43,28
42,Advanced vs Advanced,Advanced,51,9
21,Advanced vs Advanced,Advanced,41,20
7,Advanced vs Advanced,Advanced,38,31
30,Advanced vs Advanced,Advanced,55,25
53,Advanced vs Advanced,Advanced,53,0
5,Advanced vs Advanced,Advanced,32,27
4,Advanced vs Advanced,Advanced,50,46
9,Advanced vs Advanced,Advanced,42,33
28,Advanced vs Advanced,Advanced,57,29
20,Advanced vs Advanced,Advanced,43,23
1,Advanced vs Advanced,Advanced,30,29
41,Advanced vs Advanced,Advanced,56,15
54,Advanced vs Advanced,Advanced,72,18
39,Advanced vs Advanced,Advanced,55,16
16,Advanced vs Advanced,Advanced,45,29
29,Advanced vs Advanced,Advanced,48,19
5,Advanced vs Advanced,Advanced,32,27
15,Advanced vs Advanced,Advanced,44,29
17,Advanced vs Advanced,Advanced,28,11
6,Advanced vs Advanced,Advanced,30,24
38,Advanced vs Advanced,Advanced,46,8
4,Advanced vs Advanced,Advanced,40,36
5,Advanced vs Advanced,Advanced,41,36
34,Advanced vs Advanced,Advanced,59,25
26,Advanced vs Advanced,Advanced,48,22
0,Advanced vs Advanced,No one,12,12
18,Advanced vs Advanced,Advanced,39,21
13,Advanced vs Advanced,Advanced,45,32
8,Advanced vs Advanced,Advanced,37,29
13,Advanced vs Advanced,Advanced,42,29
38,Advanced vs Advanced,Advanced,55,17
15,Advanced vs Advanced,Advanced,27,12
40,Advanced vs Advanced,Advanced,60,20
35,Advanced vs Advanced,Advanced,62,27
8,Advanced vs Advanced,Advanced,36,28
11,Advanced vs Advanced,Advanced,43,32
8,Advanced vs Advanced,Advanced,21,13
48,Advanced vs Advanced,Advanced,66,18
47,Advanced vs Advanced,Advanced,59,12
25,Advanced vs Advanced,Advanced,36,11
28,Advanced vs Advanced,Advanced,43,15
7,Advanced vs Advanced,Advanced,44,37
28,Advanced vs Advanced,Advanced,48,20
9,Advanced vs Advanced,Advanced,43,34
7,Advanced vs Advanced,Advanced,36,29
20,Advanced vs Advanced,Advanced,42,22
27,Advanced vs Advanced,Advanced,48,21
27,Advanced vs Advanced,Advanced,38,11
29,Advanced vs Advanced,Advanced,43,14
37,Advanced vs Advanced,Advanced,51,14
16,Advanced vs Advanced,Advanced,48,32
9,Advanced vs Advanced,Advanced,39,30
6,Advanced vs Advanced,Advanced,47,41
14,Advanced vs Advanced,Advanced,41,27
23,Advanced vs Advanced,Advanced,38,15
26,Advanced vs Advanced,Advanced,45,19
30,Advanced vs Advanced,Advanced,43,13
10,Advanced vs Advanced,Advanced,27,17
5,Advanced vs Advanced,Advanced,31,26
57,Advanced vs Advanced,Advanced,62,5
9,Advanced vs Advanced,Advanced,19,10
0,Advanced vs Advanced,No one,36,36
42,Advanced vs Advanced,Advanced,60,18
40,Advanced vs Advanced,Advanced,56,16
14,Advanced vs Advanced,Advanced,47,33
25,Advanced vs Advanced,Advanced,36,11
11,Advanced vs Advanced,Advanced,42,31
2,Advanced vs Advanced,Advanced,28,26
5,Advanced vs Advanced,Advanced,29,24
31,Advanced vs Advanced,Advanced,55,24
36,Advanced vs Advanced,Advanced,50,14
15,Advanced vs Advanced,Advanced,49,34
19,Advanced vs Advanced,Advanced,44,25
10,Advanced vs Advanced,Advanced,31,21
34,Advanced vs Advanced,Advanced,49,15
33,Advanced vs Advanced,Advanced,51,18
12,Advanced vs Advanced,Advanced,25,13
27,Advanced vs Advanced,Advanced,49,22
71,Advanced vs Advanced,Advanced,78,7
25,Advanced vs Advanced,Advanced,43,18
1,Advanced vs Advanced,Advanced,24,23
12,Advanced vs Advanced,Advanced,55,43
25,Advanced vs Advanced,Advanced,43,18
16,Advanced vs Advanced,Advanced,51,35
18,Advanced vs Advanced,Advanced,52,34
9,Advanced vs Advanced,Advanced,38,29
10,Advanced vs Advanced,Advanced,35,25
36,Advanced vs Advanced,Advanced,45,9
33,Advanced vs Advanced,Advanced,35,2
10,Advanced vs Advanced,Advanced,40,30
28,Advanced vs Advanced,Advanced,57,29
23,Advanced vs Advanced,Advanced,29,6
2,Advanced vs Advanced,Advanced,46,44
8,Advanced vs Advanced,Advanced,40,32
12,Advanced vs Advanced,Advanced,51,39
14,Advanced vs Advanced,Advanced,43,29
20,Advanced vs Advanced,Advanced,45,25
3,Advanced vs Advanced,Advanced,14,11
44,Advanced vs Advanced,Advanced,60,16
60,Advanced vs Advanced,Advanced,67,7
13,Advanced vs Advanced,Advanced,48,35
20,Advanced vs Advanced,Advanced,40,20
41,Advanced vs Advanced,Advanced,57,16
28,Advanced vs Advanced,Advanced,35,7
27,Advanced vs Advanced,Advanced,40,13
3,Advanced vs Advanced,Advanced,23,20
12,Advanced vs Advanced,Advanced,52,40
14,Advanced vs Advanced,Advanced,42,28
30,Advanced vs Advanced,Advanced,31,1
2,Advanced vs Advanced,Advanced,40,38
18,Advanced vs Advanced,Advanced,33,15
23,Advanced vs Advanced,Advanced,40,17
27,Advanced vs Advanced,Advanced,46,19
17,Advanced vs Advanced,Advanced,39,22
23,Advanced vs Advanced,Advanced,49,26
52,Advanced vs Advanced,Advanced,61,9
40,Advanced vs Advanced,Advanced,64,24
20,Advanced vs Advanced,Advanced,45,25
19,Advanced vs Advanced,Advanced,48,29
15,Advanced vs Advanced,Advanced,53,38
4,Advanced vs Advanced,Advanced,26,22
30,Advanced vs Advanced,Advanced,51,21
33,Advanced vs Advanced,Advanced,53,20
50,Advanced vs Advanced,Advanced,51,1
23,Advanced vs Advanced,Advanced,48,25
3,Advanced vs Advanced,Advanced,35,32
36,Advanced vs Advanced,Advanced,58,22
32,Advanced vs Advanced,Advanced,38,6
47,Advanced vs Advanced,Advanced,57,10
8,Advanced vs Advanced,Advanced,40,32
70,Advanced vs Advanced,Advanced,78,8
41,Advanced vs Advanced,Advanced,53,12
0,Advanced vs Advanced,No one,40,40
44,Advanced vs Advanced,Advanced,60,16
18,Advanced vs Advanced,Advanced,35,17
27,Advanced vs Advanced,Advanced,50,23
12,Advanced vs Advanced,Advanced,55,43
1,Advanced vs Advanced,Advanced,32,31
20,Advanced vs Advanced,Advanced,40,20
27,Advanced vs Advanced,Advanced,41,14
2,Advanced vs Advanced,Advanced,31,29
15,Advanced vs Advanced,Advanced,37,22
11,Advanced vs Advanced,Advanced,39,28
29,Advanced vs Advanced,Advanced,35,6
24,Advanced vs Advanced,Advanced,54,30
1,Advanced vs Advanced,Advanced,34,33
28,Advanced vs Advanced,Advanced,40,12
11,Advanced vs Advanced,Advanced,43,32
3,Advanced vs Advanced,Advanced,27,24
34,Advanced vs Advanced,Advanced,58,24
27,Advanced vs Advanced,Advanced,44,17
25,Advanced vs Advanced,Advanced,50,25
62,Advanced vs Advanced,Advanced,73,11
7,Advanced vs Advanced,Advanced,40,33
9,Advanced vs Advanced,Advanced,35,26
1,Advanced vs Advanced,Advanced,24,23
19,Advanced vs Advanced,Advanced,39,20
30,Advanced vs Advanced,Advanced,45,15
7,Advanced vs Advanced,Advanced,34,27
11,Advanced vs Advanced,Advanced,29,18
15,Advanced vs Advanced,Advanced,47,32
33,Advanced vs Advanced,Advanced,52,19
16,Advanced vs Advanced,Advanced,31,15
5,Advanced vs Advanced,Advanced,35,30
19,Advanced vs Advanced,Advanced,44,25
22,Advanced vs Advanced,Advanced,40,18
44,Advanced vs Advanced,Advanced,60,16
25,Advanced vs Advanced,Advanced,40,15
43,Advanced vs Advanced,Advanced,48,5
43,Advanced vs Advanced,Advanced,48,5
74,Advanced vs Advanced,Advanced,85,11
19,Advanced vs Advanced,Advanced,29,10
35,Advanced vs Advanced,Advanced,63,28
43,Advanced vs Advanced,Advanced,59,16
6,Advanced vs Advanced,Advanced,43,37
3,Advanced vs Advanced,Advanced,47,44
4,Advanced vs Advanced,Advanced,52,48
1,Advanced vs Advanced,Advanced,24,23
16,Advanced vs Advanced,Advanced,38,22
44,Advanced vs Advanced,Advanced,53,9
35,Advanced vs Advanced,Advanced,63,28
34,Advanced vs Advanced,Advanced,55,21
31,Advanced vs Advanced,Advanced,65,34
29,Advanced vs Advanced,Advanced,54,25
10,Advanced vs Advanced,Advanced,30,20
32,Advanced vs Advanced,Advanced,49,17
58,Advanced vs Advanced,Advanced,64,6
52,Advanced vs Advanced,Advanced,65,13
14,Advanced vs Advanced,Advanced,47,33
30,Advanced vs Advanced,Advanced,52,22
13,Advanced vs Advanced,Advanced,32,19
6,Advanced vs Advanced,Advanced,42,36
7,Advanced vs Advanced,Advanced,30,23
12,Advanced vs Advanced,Advanced,49,37
55,Advanced vs Advanced,Advanced,75,20
20,Advanced vs Advanced,Advanced,40,20
16,Advanced vs Advanced,Advanced,47,31
8,Advanced vs Advanced,Advanced,37,29
12,Advanced vs Advanced,Advanced,37,25
66,Advanced vs Advanced,Advanced,78,12
34,Advanced vs Advanced,Advanced,60,26
24,Advanced vs Advanced,Advanced,52,28
23,Advanced vs Advanced,Advanced,39,16
18,Advanced vs Advanced,Advanced,44,26
11,Advanced vs Advanced,Advanced,51,40
21,Advanced vs Advanced,Advanced,46,25
2,Advanced vs Advanced,Advanced,5,3
55,Advanced vs Advanced,Advanced,65,10
9,Advanced vs Advanced,Advanced,17,8
19,Advanced vs Advanced,Advanced,37,18
0,Advanced vs Advanced,No one,30,30
13,Advanced vs Advanced,Advanced,39,26
37,Advanced vs Advanced,Advanced,42,5
16,Advanced vs Advanced,Advanced,34,18
55,Advanced vs Advanced,Advanced,55,0
11,Advanced vs Advanced,Advanced,28,17
4,Advanced vs Advanced,Advanced,32,28
9,Advanced vs Advanced,Advanced,29,20
34,Advanced vs Advanced,Advanced,55,21
15,Advanced vs Advanced,Advanced,39,24
30,Advanced vs Advanced,Advanced,50,20
11,Advanced vs Advanced,Advanced,50,39
28,Advanced vs Advanced,Advanced,57,29
30,Advanced vs Advanced,Advanced,33,3
30,Advanced vs Advanced,Advanced,46,16
36,Advanced vs Advanced,Advanced,61,25
41,Advanced vs Advanced,Advanced,60,19
29,Advanced vs Advanced,Advanced,46,17
44,Advanced vs Advanced,Advanced,68,24
42,Advanced vs Advanced,Advanced,57,15
24,Advanced vs Advanced,Advanced,48,24
19,Advanced vs Advanced,Advanced,55,36
31,Advanced vs Advanced,Advanced,44,13
2,Advanced vs Advanced,Advanced,18,16
16,Advanced vs Advanced,Advanced,41,25
81,Advanced vs Advanced,Advanced,88,7
53,Advanced vs Advanced,Advanced,61,8
42,Advanced vs Advanced,Advanced,69,27
15,Advanced vs Advanced,Advanced,30,15
5,Advanced vs Advanced,Advanced,22,17
22,Advanced vs Advanced,Advanced,54,32
31,Advanced vs Advanced,Advanced,47,16
11,Advanced vs Advanced,Advanced,55,44
37,Advanced vs Advanced,Advanced,57,20
2,Advanced vs Advanced,Advanced,28,26
30,Advanced vs Advanced,Advanced,43,13
42,Advanced vs Advanced,Advanced,58,16
4,Advanced vs Advanced,Advanced,40,36
4,Advanced vs Advanced,Advanced,30,26
33,Advanced vs Advanced,Advanced,53,20
20,Advanced vs Advanced,Advanced,35,15
30,Advanced vs Advanced,Advanced,55,25
9,Advanced vs Advanced,Advanced,37,28
20,Advanced vs Advanced,Advanced,55,35
18,Advanced vs Advanced,Advanced,22,4
16,Advanced vs Advanced,Advanced,55,39
43,Advanced vs Advanced,Advanced,56,13
33,Advanced vs Advanced,Advanced,51,18
45,Advanced vs Advanced,Advanced,72,27
36,Advanced vs Advanced,Advanced,45,9
28,Advanced vs Advanced,Advanced,58,30
15,Advanced vs Advanced,Advanced,36,21
6,Advanced vs Advanced,Advanced,17,11
11,Advanced vs Advanced,Advanced,30,19
57,Advanced vs Advanced,Advanced,67,10
48,Advanced vs Advanced,Advanced,52,4
2,Advanced vs Advanced,Advanced,32,30
10,Advanced vs Advanced,Advanced,39,29
30,Advanced vs Advanced,Advanced,50,20
10,Advanced vs Advanced,Advanced,33,23
25,Advanced vs Advanced,Advanced,55,30
60,Advanced vs Advanced,Advanced,75,15
0,Advanced vs Advanced,No one,33,33
6,Advanced vs Advanced,Advanced,45,39
56,Advanced vs Advanced,Advanced,64,8
10,Advanced vs Advanced,Advanced,38,28
10,Advanced vs Advanced,Advanced,32,22
8,Advanced vs Advanced,Advanced,32,24
43,Advanced vs Advanced,Advanced,66,23
7,Advanced vs Advanced,Advanced,32,25
13,Advanced vs Advanced,Advanced,31,18
15,Advanced vs Advanced,Advanced,46,31
14,Advanced vs Advanced,Advanced,40,26
27,Advanced vs Advanced,Advanced,45,18
42,Advanced vs Advanced,Advanced,47,5
37,Advanced vs Advanced,Advanced,60,23
20,Advanced vs Advanced,Advanced,52,32
19,Advanced vs Advanced,Advanced,48,29
5,Advanced vs Advanced,Advanced,43,38
9,Advanced vs Advanced,Advanced,54,45
31,Advanced vs Advanced,Advanced,56,25
10,Advanced vs Advanced,Advanced,48,38
31,Advanced vs Advanced,Advanced,56,25
0,Advanced vs Advanced,No one,47,47
6,Advanced vs Advanced,Advanced,41,35
13,Advanced vs Advanced,Advanced,40,27
34,Advanced vs Advanced,Advanced,46,12
5,Advanced vs Advanced,Advanced,32,27
0,Advanced vs Advanced,No one,31,31
40,Advanced vs Advanced,Advanced,52,12
12,Advanced vs Advanced,Advanced,50,38
20,Advanced vs Advanced,Advanced,31,11
6,Advanced vs Advanced,Advanced,12,6
4,Advanced vs Advanced,Advanced,36,32
42,Advanced vs Advanced,Advanced,66,24
7,Advanced vs Advanced,Advanced,33,26
19,Advanced vs Advanced,Advanced,34,15
34,Advanced vs Advanced,Advanced,55,21
8,Advanced vs Advanced,Advanced,26,18
15,Advanced vs Advanced,Advanced,43,28
20,Advanced vs Advanced,Advanced,49,29
1,Advanced vs Advanced,Advanced,37,36
43,Advanced vs Advanced,Advanced,51,8
11,Advanced vs Advanced,Advanced,21,10
32,Advanced vs Advanced,Advanced,45,13
12,Advanced vs Advanced,Advanced,32,20
9,Advanced vs Advanced,Advanced,50,41
20,Advanced vs Advanced,Advanced,55,35
3,Advanced vs Advanced,Advanced,43,40
1,Advanced vs Advanced,Advanced,39,38
10,Advanced vs Advanced,Advanced,41,31
60,Advanced vs Advanced,Advanced,74,14
68,Advanced vs Advanced,Advanced,70,2
13,Advanced vs Advanced,Advanced,47,34
16,Advanced vs Advanced,Advanced,36,20
13,Advanced vs Advanced,Advanced,39,26
11,Advanced vs Advanced,Advanced,43,32
33,Advanced vs Advanced,Advanced,53,20
7,Advanced vs Advanced,Advanced,34,27
37,Advanced vs Advanced,Advanced,64,27
13,Advanced vs Advanced,Advanced,38,25
44,Advanced vs Advanced,Advanced,61,17
3,Advanced vs Advanced,Advanced,33,30
51,Advanced vs Advanced,Advanced,59,8
19,Advanced vs Advanced,Advanced,40,21
8,Advanced vs Advanced,Advanced,35,27
30,Advanced vs Advanced,Advanced,58,28
4,Advanced vs Advanced,Advanced,39,35
1,Advanced vs Advanced,Advanced,26,25
5,Advanced vs Advanced,Advanced,41,36
6,Advanced vs Advanced,Advanced,30,24
2,Advanced vs Advanced,Advanced,24,22
3,Advanced vs Advanced,Advanced,29,26
17,Advanced vs Advanced,Advanced,39,22
28,Advanced vs Advanced,Advanced,52,24
13,Advanced vs Advanced,Advanced,39,26
18,Advanced vs Advanced,Advanced,41,23
0,Advanced vs Advanced,No one,27,27
22,Advanced vs Advanced,Advanced,60,38
8,Advanced vs Advanced,Advanced,33,25
24,Advanced vs Advanced,Advanced,50,26
5,Advanced vs Advanced,Advanced,43,38
15,Advanced vs Advanced,Advanced,42,27
47,Advanced vs Advanced,Advanced,54,7
11,Advanced vs Advanced,Advanced,11,0
42,Advanced vs Advanced,Advanced,59,17
3,Advanced vs Advanced,Advanced,31,28
9,Advanced vs Advanced,Advanced,32,23
7,Advanced vs Advanced,Advanced,37,30
19,Advanced vs Advanced,Advanced,39,20
28,Advanced vs Advanced,Advanced,34,6
11,Advanced vs Advanced,Advanced,26,15
36,Advanced vs Advanced,Advanced,55,19
7,Advanced vs Advanced,Advanced,33,26
46,Advanced vs Advanced,Advanced,56,10
29,Advanced vs Advanced,Advanced,59,30
34,Advanced vs Advanced,Advanced,52,18
40,Advanced vs Advanced,Advanced,63,23
34,Advanced vs Advanced,Advanced,67,33
4,Advanced vs Advanced,Advanced,27,23
3,Advanced vs Advanced,Advanced,41,38
17,Advanced vs Advanced,Advanced,30,13
3,Advanced vs Advanced,Advanced,27,24
1,Advanced vs Advanced,Advanced,48,47
28,Advanced vs Advanced,Advanced,54,26
13,Advanced vs Advanced,Advanced,32,19
39,Advanced vs Advanced,Advanced,43,4
13,Advanced vs Advanced,Advanced,26,13
24,Advanced vs Advanced,Advanced,51,27
21,Advanced vs Advanced,Advanced,49,28
24,Advanced vs Advanced,Advanced,50,26
16,Advanced vs Advanced,Advanced,41,25
6,Advanced vs Advanced,Advanced,18,12
34,Advanced vs Advanced,Advanced,52,18
31,Advanced vs Advanced,Advanced,42,11
10,Advanced vs Advanced,Advanced,24,14
38,Advanced vs Advanced,Advanced,57,19
27,Advanced vs Advanced,Advanced,52,25
5,Advanced vs Advanced,Advanced,25,20
24,Advanced vs Advanced,Advanced,49,25
31,Advanced vs Advanced,Advanced,52,21
24,Advanced vs Advanced,Advanced,60,36
35,Advanced vs Advanced,Advanced,56,21
48,Advanced vs Advanced,Advanced,71,23
20,Advanced vs Advanced,Advanced,42,22
8,Advanced vs Advanced,Advanced,37,29
13,Advanced vs Advanced,Advanced,28,15
24,Advanced vs Advanced,Advanced,35,11
41,Advanced vs Advanced,Advanced,41,0
74,Advanced vs Advanced,Advanced,79,5
44,Advanced vs Advanced,Advanced,44,0
8,Advanced vs Advanced,Advanced,28,20
9,Advanced vs Advanced,Advanced,41,32
34,Advanced vs Advanced,Advanced,57,23
10,Advanced vs Advanced,Advanced,30,20
21,Advanced vs Advanced,Advanced,37,16
33,Advanced vs Advanced,Advanced,46,13
37,Advanced vs Advanced,Advanced,50,13
2,Advanced vs Advanced,Advanced,42,40
34,Advanced vs Advanced,Advanced,44,10
14,Advanced vs Advanced,Advanced,47,33
8,Advanced vs Advanced,Advanced,32,24
7,Advanced vs Advanced,Advanced,27,20
4,Advanced vs Advanced,Advanced,34,30
42,Advanced vs Advanced,Advanced,50,8
2,Advanced vs Advanced,Advanced,38,36
50,Advanced vs Advanced,Advanced,66,16
25,Advanced vs Advanced,Advanced,36,11
55,Advanced vs Advanced,Advanced,67,12
10,Advanced vs Advanced,Advanced,25,15
44,Advanced vs Advanced,Advanced,51,7
32,Advanced vs Advanced,Advanced,39,7
12,Advanced vs Advanced,Advanced,39,27
45,Advanced vs Advanced,Advanced,63,18
26,Advanced vs Advanced,Advanced,58,32
21,Advanced vs Advanced,Advanced,48,27
55,Advanced vs Advanced,Advanced,55,0
40,Advanced vs Advanced,Advanced,45,5
20,Advanced vs Advanced,Advanced,42,22
24,Advanced vs Advanced,Advanced,46,22
36,Advanced vs Advanced,Advanced,44,8
51,Advanced vs Advanced,Advanced,59,8
2,Advanced vs Advanced,Advanced,40,38
5,Advanced vs Advanced,Advanced,29,24
34,Advanced vs Advanced,Advanced,54,20
16,Advanced vs Advanced,Advanced,41,25
22,Advanced vs Advanced,Advanced,27,5
19,Advanced vs Advanced,Advanced,43,24
49,Advanced vs Advanced,Advanced,63,14
46,Advanced vs Advanced,Advanced,58,12
29,Advanced vs Advanced,Advanced,41,12
25,Advanced vs Advanced,Advanced,34,9
18,Advanced vs Advanced,Advanced,45,27
4,Advanced vs Advanced,Advanced,29,25
26,Advanced vs Advanced,Advanced,48,22
35,Advanced vs Advanced,Advanced,49,14
15,Advanced vs Advanced,Advanced,43,28
32,Advanced vs Advanced,Advanced,43,11
0,Advanced vs Advanced,No one,22,22
46,Advanced vs Advanced,Advanced,62,16
17,Advanced vs Advanced,Advanced,49,32
14,Advanced vs Advanced,Advanced,43,29
7,Advanced vs Advanced,Advanced,22,15
22,Advanced vs Advanced,Advanced,36,14
33,Advanced vs Advanced,Advanced,65,32
24,Advanced vs Advanced,Advanced,51,27
22,Advanced vs Advanced,Advanced,47,25
28,Advanced vs Advanced,Advanced,48,20
26,Advanced vs Advanced,Advanced,33,7
50,Advanced vs Advanced,Advanced,55,5
14,Advanced vs Advanced,Advanced,42,28
13,Advanced vs Advanced,Advanced,45,32
19,Advanced vs Advanced,Advanced,43,24
21,Advanced vs Advanced,Advanced,40,19
48,Advanced vs Advanced,Advanced,58,10
36,Advanced vs Advanced,Advanced,58,22
56,Advanced vs Advanced,Advanced,56,0
2,Advanced vs Advanced,Advanced,32,30
12,Advanced vs Advanced,Advanced,32,20
45,Advanced vs Advanced,Advanced,52,7
13,Advanced vs Advanced,Advanced,35,22
52,Advanced vs Advanced,Advanced,60,8
21,Advanced vs Advanced,Advanced,40,19
23,Advanced vs Advanced,Advanced,41,18
9,Advanced vs Advanced,Advanced,43,34
21,Advanced vs Advanced,Advanced,47,26
10,Advanced vs Advanced,Advanced,25,15
24,Advanced vs Advanced,Advanced,41,17
19,Advanced vs Advanced,Advanced,53,34
10,Advanced vs Advanced,Advanced,31,21
40,Advanced vs Advanced,Advanced,44,4
15,Advanced vs Advanced,Advanced,37,22
10,Advanced vs Advanced,Advanced,54,44
12,Advanced vs Advanced,Advanced,46,34
17,Advanced vs Advanced,Advanced,33,16
9,Advanced vs Advanced,Advanced,25,16
11,Advanced vs Advanced,Advanced,48,37
3,Advanced vs Advanced,Advanced,28,25
25,Advanced vs Advanced,Advanced,57,32
19,Advanced vs Advanced,Advanced,33,14
49,Advanced vs Advanced,Advanced,64,15
7,Advanced vs Advanced,Advanced,36,29
17,Advanced vs Advanced,Advanced,50,33
40,Advanced vs Advanced,Advanced,55,15
9,Advanced vs Advanced,Advanced,28,19
9,Advanced vs Advanced,Advanced,40,31
22,Advanced vs Advanced,Advanced,42,20
29,Advanced vs Advanced,Advanced,36,7
22,Advanced vs Advanced,Advanced,37,15
38,Advanced vs Advanced,Advanced,51,13
15,Advanced vs Advanced,Advanced,34,19
8,Advanced vs Advanced,Advanced,27,19
27,Advanced vs Advanced,Advanced,61,34
10,Advanced vs Advanced,Advanced,26,16
11,Advanced vs Advanced,Advanced,43,32
33,Advanced vs Advanced,Advanced,59,26
7,Advanced vs Advanced,Advanced,22,15
16,Advanced vs Advanced,Advanced,16,0
0,Advanced vs Advanced,No one,39,39
48,Advanced vs Advanced,Advanced,54,6
32,Advanced vs Advanced,Advanced,49,17
21,Advanced vs Advanced,Advanced,34,13
33,Advanced vs Advanced,Advanced,52,19
17,Advanced vs Advanced,Advanced,42,25
15,Advanced vs Advanced,Advanced,40,25
29,Advanced vs Advanced,Advanced,39,10
42,Advanced vs Advanced,Advanced,59,17
22,Advanced vs Advanced,Advanced,58,36
14,Advanced vs Advanced,Advanced,42,28
14,Advanced vs Advanced,Advanced,25,11
13,Advanced vs Advanced,Advanced,44,31
49,Advanced vs Advanced,Advanced,57,8
38,Advanced vs Advanced,Advanced,53,15
9,Advanced vs Advanced,Advanced,30,21
28,Advanced vs Advanced,Advanced,44,16
50,Advanced vs Advanced,Advanced,62,12
4,Advanced vs Advanced,Advanced,33,29
17,Advanced vs Advanced,Advanced,26,9
8,Advanced vs Advanced,Advanced,48,40
14,Advanced vs Advanced,Advanced,31,17
21,Advanced vs Advanced,Advanced,43,22
57,Advanced vs Advanced,Advanced,68,11
26,Advanced vs Advanced,Advanced,39,13
3,Advanced vs Advanced,Advanced,34,31
3,Advanced vs Advanced,Advanced,31,28
11,Advanced vs Advanced,Advanced,21,10
45,Advanced vs Advanced,Advanced,55,10
1,Advanced vs Advanced,Advanced,19,18
13,Advanced vs Advanced,Advanced,42,29
30,Advanced vs Advanced,Advanced,59,29
31,Advanced vs Advanced,Advanced,36,5
17,Advanced vs Advanced,Advanced,39,22
36,Advanced vs Advanced,Advanced,47,11
24,Advanced vs Advanced,Advanced,56,32
8,Advanced vs Advanced,Advanced,39,31
31,Advanced vs Advanced,Advanced,45,14
2,Advanced vs Advanced,Advanced,43,41
38,Advanced vs Advanced,Advanced,58,20
19,Advanced vs Advanced,Advanced,47,28
4,Advanced vs Advanced,Advanced,39,35
12,Advanced vs Advanced,Advanced,43,31
15,Advanced vs Advanced,Advanced,36,21
42,Advanced vs Advanced,Advanced,64,22
40,Advanced vs Advanced,Advanced,51,11
42,Advanced vs Advanced,Advanced,57,15
36,Advanced vs Advanced,Advanced,55,19
3,Advanced vs Advanced,Advanced,31,28
57,Advanced vs Advanced,Advanced,68,11
54,Advanced vs Advanced,Advanced,61,7
51,Advanced vs Advanced,Advanced,51,0
24,Advanced vs Advanced,Advanced,43,19
18,Advanced vs Advanced,Advanced,37,19
25,Advanced vs Advanced,Advanced,55,30
34,Advanced vs Advanced,Advanced,55,21
14,Advanced vs Advanced,Advanced,48,34
8,Advanced vs Advanced,Advanced,41,33
14,Advanced vs Advanced,Advanced,40,26
22,Advanced vs Advanced,Advanced,55,33
12,Advanced vs Advanced,Advanced,27,15
34,Advanced vs Advanced,Advanced,50,16
2,Advanced vs Advanced,Advanced,31,29
49,Advanced vs Advanced,Advanced,59,10
29,Advanced vs Advanced,Advanced,37,8
42,Advanced vs Advanced,Advanced,60,18
25,Advanced vs Advanced,Advanced,55,30
26,Advanced vs Advanced,Advanced,41,15
29,Advanced vs Advanced,Advanced,48,19
39,Advanced vs Advanced,Advanced,49,10
46,Advanced vs Advanced,Advanced,66,20
27,Advanced vs Advanced,Advanced,46,19
19,Advanced vs Advanced,Advanced,27,8
17,Advanced vs Advanced,Advanced,34,17
16,Advanced vs Advanced,Advanced,29,13
18,Advanced vs Advanced,Advanced,40,22
62,Advanced vs Advanced,Advanced,77,15
0,Advanced vs Advanced,No one,35,35
6,Advanced vs Advanced,Advanced,28,22
25,Advanced vs Advanced,Advanced,54,29
14,Advanced vs Advanced,Advanced,46,32
66,Advanced vs Advanced,Advanced,77,11
3,Advanced vs Advanced,Advanced,34,31
7,Advanced vs Advanced,Advanced,25,18
57,Advanced vs Advanced,Advanced,63,6
44,Advanced vs Advanced,Advanced,63,19
6,Advanced vs Advanced,Advanced,36,30
12,Advanced vs Advanced,Advanced,41,29
43,Advanced vs Advanced,Advanced,60,17
23,Advanced vs Advanced,Advanced,44,21
31,Advanced vs Advanced,Advanced,36,5
12,Advanced vs Advanced,Advanced,36,24
6,Advanced vs Advanced,Advanced,26,20
40,Advanced vs Advanced,Advanced,55,15
21,Advanced vs Advanced,Advanced,44,23
24,Advanced vs Advanced,Advanced,39,15
17,Advanced vs Advanced,Advanced,37,20
6,Advanced vs Advanced,Advanced,21,15
18,Advanced vs Advanced,Advanced,50,32
1,Advanced vs Advanced,Advanced,42,41
12,Advanced vs Advanced,Advanced,30,18
36,Advanced vs Advanced,Advanced,41,5
32,Advanced vs Advanced,Advanced,58,26
24,Advanced vs Advanced,Advanced,46,22
5,Advanced vs Advanced,Advanced,20,15
35,Advanced vs Advanced,Advanced,48,13
8,Advanced vs Advanced,Advanced,25,17
20,Advanced vs Advanced,Advanced,34,14
32,Advanced vs Advanced,Advanced,51,19
1,Advanced vs Advanced,Advanced,35,34
21,Advanced vs Advanced,Advanced,36,15
26,Advanced vs Advanced,Advanced,39,13
5,Advanced vs Advanced,Advanced,37,32
1,Advanced vs Advanced,Advanced,50,49
8,Advanced vs Advanced,Advanced,54,46
32,Advanced vs Advanced,Advanced,50,18
54,Advanced vs Advanced,Advanced,63,9
5,Advanced vs Advanced,Advanced,41,36
5,Advanced vs Advanced,Advanced,30,25
13,Advanced vs Advanced,Advanced,53,40
28,Advanced vs Advanced,Advanced,51,23
6,Advanced vs Advanced,Advanced,46,40
60,Advanced vs Advanced,Advanced,75,15
35,Advanced vs Advanced,Advanced,45,10
44,Advanced vs Advanced,Advanced,49,5
2,Advanced vs Advanced,Advanced,45,43
45,Advanced vs Advanced,Advanced,56,11
0,Advanced vs Advanced,No one,5,5
0,Advanced vs Advanced,No one,33,33
66,Advanced vs Advanced,Advanced,77,11
22,Advanced vs Advanced,Advanced,45,23
21,Advanced vs Advanced,Advanced,39,18
5,Advanced vs Advanced,Advanced,29,24
2,Advanced vs Advanced,Advanced,37,35
15,Advanced vs Advanced,Advanced,36,21
1,Advanced vs Advanced,Advanced,27,26
4,Advanced vs Advanced,Advanced,29,25
13,Advanced vs Advanced,Advanced,39,26
4,Advanced vs Advanced,Advanced,37,33
13,Advanced vs Advanced,Advanced,31,18
18,Advanced vs Advanced,Advanced,38,20
7,Advanced vs Advanced,Advanced,37,30
69,Advanced vs Advanced,Advanced,82,13
28,Advanced vs Advanced,Advanced,52,24
23,Advanced vs Advanced,Advanced,37,14
30,Advanced vs Advanced,Advanced,55,25
34,Advanced vs Advanced,Advanced,56,22
40,Advanced vs Advanced,Advanced,49,9
23,Advanced vs Advanced,Advanced,43,20
27,Advanced vs Advanced,Advanced,29,2
6,Advanced vs Advanced,Advanced,28,22
4,Advanced vs Advanced,Advanced,35,31
34,Advanced vs Advanced,Advanced,50,16
7,Advanced vs Advanced,Advanced,26,19
12,Advanced vs Advanced,Advanced,30,18
23,Advanced vs Advanced,Advanced,42,19
6,Advanced vs Advanced,Advanced,25,19
30,Advanced vs Advanced,Advanced,49,19
17,Advanced vs Advanced,Advanced,38,21
8,Advanced vs Advanced,Advanced,17,9
2,Advanced vs Advanced,Advanced,51,49
46,Advanced vs Advanced,Advanced,62,16
36,Advanced vs Advanced,Advanced,54,18
28,Advanced vs Advanced,Advanced,44,16
23,Advanced vs Advanced,Advanced,48,25
31,Advanced vs Advanced,Advanced,57,26
7,Advanced vs Advanced,Advanced,35,28
12,Advanced vs Advanced,Advanced,51,39
10,Advanced vs Advanced,Advanced,31,21
9,Advanced vs Advanced,Advanced,41,32
23,Advanced vs Advanced,Advanced,50,27
3,Advanced vs Advanced,Advanced,40,37
7,Advanced vs Advanced,Advanced,31,24
22,Advanced vs Advanced,Advanced,51,29
28,Advanced vs Advanced,Advanced,42,14
49,Advanced vs Advanced,Advanced,58,9
24,Advanced vs Advanced,Advanced,49,25
17,Advanced vs Advanced,Advanced,46,29
37,Advanced vs Advanced,Advanced,59,22
60,Advanced vs Advanced,Advanced,64,4
22,Advanced vs Advanced,Advanced,38,16
56,Advanced vs Advanced,Advanced,56,0
17,Advanced vs Advanced,Advanced,40,23
16,Advanced vs Advanced,Advanced,32,16
5,Advanced vs Advanced,Advanced,44,39
17,Advanced vs Advanced,Advanced,48,31
25,Advanced vs Advanced,Advanced,47,22
33,Advanced vs Advanced,Advanced,36,3
10,Advanced vs Advanced,Advanced,27,17
22,Advanced vs Advanced,Advanced,44,22
11,Advanced vs Advanced,Advanced,36,25
46,Advanced vs Advanced,Advanced,60,14
24,Advanced vs Advanced,Advanced,39,15
64,Advanced vs Advanced,Advanced,77,13
34,Advanced vs Advanced,Advanced,37,3
38,Advanced vs Advanced,Advanced,60,22
13,Advanced vs Advanced,Advanced,51,38
21,Advanced vs Advanced,Advanced,41,20
4,Advanced vs Advanced,Advanced,30,26
11,Advanced vs Advanced,Advanced,39,28
49,Advanced vs Advanced,Advanced,70,21
34,Advanced vs Advanced,Advanced,52,18
13,Advanced vs Advanced,Advanced,39,26
2,Advanced vs Advanced,Advanced,34,32
11,Advanced vs Advanced,Advanced,45,34
37,Advanced vs Advanced,Advanced,61,24
1,Advanced vs Advanced,Advanced,44,43
51,Advanced vs Advanced,Advanced,61,10
16,Advanced vs Advanced,Advanced,34,18
1,Advanced vs Advanced,Advanced,26,25
23,Advanced vs Advanced,Advanced,47,24
48,Advanced vs Advanced,Advanced,60,12
0,Advanced vs Advanced,No one,20,20
56,Advanced vs Advanced,Advanced,72,16
30,Advanced vs Advanced,Advanced,62,32
75,Advanced vs Advanced,Advanced,84,9
10,Advanced vs Advanced,Advanced,29,19
14,Advanced vs Advanced,Advanced,38,24
33,Advanced vs Advanced,Advanced,64,31
9,Advanced vs Advanced,Advanced,30,21
32,Advanced vs Advanced,Advanced,48,16
31,Advanced vs Advanced,Advanced,47,16
11,Advanced vs Advanced,Advanced,30,19
26,Advanced vs Advanced,Advanced,43,17
4,Advanced vs Advanced,Advanced,34,30
20,Advanced vs Advanced,Advanced,38,18
6,Advanced vs Advanced,Advanced,20,14
14,Advanced vs Advanced,Advanced,43,29
9,Advanced vs Advanced,Advanced,29,20
7,Advanced vs Advanced,Advanced,33,26
1,Advanced vs Advanced,Advanced,42,41
0,Advanced vs Advanced,No one,12,12
46,Advanced vs Advanced,Advanced,60,14
7,Advanced vs Advanced,Advanced,38,31
9,Advanced vs Advanced,Advanced,37,28
52,Advanced vs Advanced,Advanced,62,10
25,Advanced vs Advanced,Advanced,33,8
50,Advanced vs Advanced,Advanced,68,18
29,Advanced vs Advanced,Advanced,54,25
41,Advanced vs Advanced,Advanced,59,18
25,Advanced vs Advanced,Advanced,48,23
19,Advanced vs Advanced,Advanced,49,30
73,Advanced vs Advanced,Advanced,81,8
39,Advanced vs Advanced,Advanced,68,29
27,Advanced vs Advanced,Advanced,41,14
9,Advanced vs Advanced,Advanced,44,35
2,Advanced vs Advanced,Advanced,40,38
8,Advanced vs Advanced,Advanced,38,30
33,Advanced vs Advanced,Advanced,46,13
27,Advanced vs Advanced,Advanced,62,35
9,Advanced vs Advanced,Advanced,40,31
2,Advanced vs Advanced,Advanced,36,34
14,Advanced vs Advanced,Advanced,23,9
29,Advanced vs Advanced,Advanced,49,20
14,Advanced vs Advanced,Advanced,44,30
9,Advanced vs Advanced,Advanced,28,19
4,Advanced vs Advanced,Advanced,37,33
12,Advanced vs Advanced,Advanced,50,38
11,Advanced vs Advanced,Advanced,44,33
48,Advanced vs Advanced,Advanced,65,17
3,Advanced vs Advanced,Advanced,26,23
5,Advanced vs Advanced,Advanced,30,25
22,Advanced vs Advanced,Advanced,49,27
17,Advanced vs Advanced,Advanced,40,23
35,Advanced vs Advanced,Advanced,54,19
18,Advanced vs Advanced,Advanced,40,22
12,Advanced vs Advanced,Advanced,44,32
7,Advanced vs Advanced,Advanced,20,13
8,Advanced vs Advanced,Advanced,18,10
4,Advanced vs Advanced,Advanced,24,20
19,Advanced vs Advanced,Advanced,36,17
9,Advanced vs Advanced,Advanced,47,38
35,Advanced vs Advanced,Advanced,57,22
2,Advanced vs Advanced,Advanced,40,38
46,Advanced vs Advanced,Advanced,69,23
12,Advanced vs Advanced,Advanced,30,18
30,Advanced vs Advanced,Advanced,46,16
26,Advanced vs Advanced,Advanced,55,29
14,Advanced vs Advanced,Advanced,45,31
44,Advanced vs Advanced,Advanced,61,17
0,Advanced vs Advanced,No one,35,35
9,Advanced vs Advanced,Advanced,34,25
21,Advanced vs Advanced,Advanced,41,20
31,Advanced vs Advanced,Advanced,36,5
42,Advanced vs Advanced,Advanced,52,10
18,Advanced vs Advanced,Advanced,39,21
5,Advanced vs Advanced,Advanced,42,37
2,Advanced vs Advanced,Advanced,38,36
2,Advanced vs Advanced,Advanced,39,37
14,Advanced vs Advanced,Advanced,47,33
28,Advanced vs Advanced,Advanced,50,22
29,Advanced vs Advanced,Advanced,44,15
27,Advanced vs Advanced,Advanced,52,25
8,Advanced vs Advanced,Advanced,36,28
30,Advanced vs Advanced,Advanced,51,21
37,Advanced vs Advanced,Advanced,47,10
48,Advanced vs Advanced,Advanced,64,16
16,Advanced vs Advanced,Advanced,32,16
17,Advanced vs Advanced,Advanced,38,21
28,Advanced vs Advanced,Advanced,36,8
1,Advanced vs Advanced,Advanced,38,37
46,Advanced vs Advanced,Advanced,69,23
59,Advanced vs Advanced,Advanced,76,17
23,Advanced vs Advanced,Advanced,49,26
48,Advanced vs Advanced,Advanced,59,11
6,Advanced vs Advanced,Advanced,46,40
5,Advanced vs Advanced,Advanced,34,29
0,Advanced vs Advanced,No one,38,38
39,Advanced vs Advanced,Advanced,57,18
6,Advanced vs Advanced,Advanced,30,24
1,Advanced vs Advanced,Advanced,23,22
20,Advanced vs Advanced,Advanced,33,13
28,Advanced vs Advanced,Advanced,54,26
12,Advanced vs Advanced,Advanced,43,31
4,Advanced vs Advanced,Advanced,27,23
59,Advanced vs Advanced,Advanced,73,14
26,Advanced vs Advanced,Advanced,47,21
23,Advanced vs Advanced,Advanced,38,15
40,Advanced vs Advanced,Advanced,52,12
45,Advanced vs Advanced,Advanced,58,13
20,Advanced vs Advanced,Advanced,39,19
36,Advanced vs Advanced,Advanced,60,24
39,Advanced vs Advanced,Advanced,60,21
48,Advanced vs Advanced,Advanced,51,3
20,Advanced vs Advanced,Advanced,50,30
26,Advanced vs Advanced,Advanced,46,20
42,Advanced vs Advanced,Advanced,63,21
9,Advanced vs Advanced,Advanced,52,43
9,Advanced vs Advanced,Advanced,43,34
21,Advanced vs Advanced,Advanced,43,22
36,Advanced vs Advanced,Advanced,65,29
21,Advanced vs Advanced,Advanced,41,20
0,Advanced vs Advanced,No one,48,48
30,Advanced vs Advanced,Advanced,55,25
1,Advanced vs Advanced,Advanced,32,31
8,Advanced vs Advanced,Advanced,44,36
30,Advanced vs Advanced,Advanced,40,10
35,Advanced vs Advanced,Advanced,56,21
15,Advanced vs Advanced,Advanced,37,22
37,Advanced vs Advanced,Advanced,60,23
15,Advanced vs Advanced,Advanced,47,32
15,Advanced vs Advanced,Advanced,34,19
33,Advanced vs Advanced,Advanced,51,18
12,Advanced vs Random,Advanced,40,28
4,Advanced vs Random,Advanced,31,27
3,Advanced vs Random,Advanced,31,28
3,Advanced vs Random,Advanced,37,34
6,Advanced vs Random,Random,35,29
2,Advanced vs Random,Random,31,29
1,Advanced vs Random,Advanced,34,33
27,Advanced vs Random,Random,47,20
7,Advanced vs Random,Advanced,37,30
7,Advanced vs Random,Advanced,36,29
0,Advanced vs Random,No one,34,34
8,Advanced vs Random,Random,37,29
1,Advanced vs Random,Random,37,36
2,Advanced vs Random,Advanced,36,34
3,Advanced vs Random,Random,34,31
5,Advanced vs Random,Advanced,32,27
2,Advanced vs Random,Advanced,39,37
0,Advanced vs Random,No one,35,35
1,Advanced vs Random,Random,34,33
7,Advanced vs Random,Random,38,31
5,Advanced vs Random,Random,37,32
4,Advanced vs Random,Advanced,36,32
0,Advanced vs Random,No one,34,34
4,Advanced vs Random,Advanced,36,32
11,Advanced vs Random,Random,35,24
8,Advanced vs Random,Random,39,31
1,Advanced vs Random,Random,32,31
9,Advanced vs Random,Advanced,35,26
9,Advanced vs Random,Random,40,31
5,Advanced vs Random,Advanced,36,31
1,Advanced vs Random,Advanced,34,33
6,Advanced vs Random,Advanced,35,29
8,Advanced vs Random,Advanced,36,28
1,Advanced vs Random,Advanced,35,34
0,Advanced vs Random,No one,28,28
5,Advanced vs Random,Random,39,34
9,Advanced vs Random,Advanced,40,31
12,Advanced vs Random,Random,37,25
12,Advanced vs Random,Random,39,27
12,Advanced vs Random,Advanced,42,30
8,Advanced vs Random,Random,33,25
4,Advanced vs Random,Advanced,31,27
11,Advanced vs Random,Advanced,38,27
4,Advanced vs Random,Random,32,28
2,Advanced vs Random,Advanced,37,35
7,Advanced vs Random,Random,38,31
15,Advanced vs Random,Advanced,40,25
7,Advanced vs Random,Advanced,39,32
18,Advanced vs Random,Advanced,40,22
3,Advanced vs Random,Random,34,31
2,Advanced vs Random,Random,37,35
21,Advanced vs Random,Random,48,27
2,Advanced vs Random,Advanced,35,33
7,Advanced vs Random,Advanced,37,30
0,Advanced vs Random,No one,35,35
2,Advanced vs Random,Advanced,38,36
7,Advanced vs Random,Random,35,28
14,Advanced vs Random,Random,40,26
6,Advanced vs Random,Advanced,38,32
2,Advanced vs Random,Random,33,31
17,Advanced vs Random,Advanced,42,25
6,Advanced vs Random,Advanced,39,33
9,Advanced vs Random,Random,36,27
0,Advanced vs Random,No one,35,35
1,Advanced vs Random,Random,39,38
11,Advanced vs Random,Advanced,38,27
8,Advanced vs Random,Advanced,37,29
0,Advanced vs Random,No one,30,30
16,Advanced vs Random,Advanced,46,30
3,Advanced vs Random,Random,37,34
18,Advanced vs Random,Advanced,42,24
12,Advanced vs Random,Random,41,29
7,Advanced vs Random,Random,37,30
7,Advanced vs Random,Advanced,38,31
7,Advanced vs Random,Advanced,39,32
4,Advanced vs Random,Random,40,36
5,Advanced vs Random,Advanced,36,31
1,Advanced vs Random,Advanced,34,33
8,Advanced vs Random,Random,39,31
5,Advanced vs Random,Advanced,33,28
10,Advanced vs Random,Random,39,29
6,Advanced vs Random,Advanced,40,34
8,Advanced vs Random,Random,34,26
6,Advanced vs Random,Advanced,37,31
9,Advanced vs Random,Advanced,35,26
21,Advanced vs Random,Advanced,44,23
4,Advanced vs Random,Random,37,33
3,Advanced vs Random,Random,36,33
7,Advanced vs Random,Random,39,32
5,Advanced vs Random,Random,37,32
6,Advanced vs Random,Advanced,40,34
14,Advanced vs Random,Random,37,23
4,Advanced vs Random,Advanced,36,32
10,Advanced vs Random,Random,38,28
6,Advanced vs Random,Advanced,36,30
3,Advanced vs Random,Advanced,36,33
9,Advanced vs Random,Random,38,29
2,Advanced vs Random,Random,35,33
13,Advanced vs Random,Advanced,36,23
10,Advanced vs Random,Random,40,30
10,Advanced vs Random,Random,37,27
3,Advanced vs Random,Random,35,32
9,Advanced vs Random,Advanced,40,31
3,Advanced vs Random,Random,36,33
3,Advanced vs Random,Advanced,33,30
14,Advanced vs Random,Advanced,40,26
8,Advanced vs Random,Random,40,32
3,Advanced vs Random,Advanced,36,33
7,Advanced vs Random,Advanced,35,28
9,Advanced vs Random,Advanced,40,31
3,Advanced vs Random,Advanced,33,30
8,Advanced vs Random,Advanced,31,23
13,Advanced vs Random,Advanced,41,28
2,Advanced vs Random,Advanced,37,35
3,Advanced vs Random,Random,37,34
9,Advanced vs Random,Random,35,26
2,Advanced vs Random,Random,35,33
2,Advanced vs Random,Random,33,31
1,Advanced vs Random,Random,31,30
1,Advanced vs Random,Advanced,32,31
0,Advanced vs Random,No one,37,37
4,Advanced vs Random,Random,33,29
8,Advanced vs Random,Advanced,43,35
13,Advanced vs Random,Advanced,39,26
0,Advanced vs Random,No one,30,30
0,Advanced vs Random,No one,35,35
8,Advanced vs Random,Random,38,30
3,Advanced vs Random,Random,36,33
5,Advanced vs Random,Random,36,31
7,Advanced vs Random,Random,37,30
2,Advanced vs Random,Advanced,33,31
5,Advanced vs Random,Random,37,32
3,Advanced vs Random,Advanced,35,32
11,Advanced vs Random,Advanced,40,29
4,Advanced vs Random,Advanced,36,32
1,Advanced vs Random,Random,33,32
2,Advanced vs Random,Advanced,34,32
6,Advanced vs Random,Random,38,32
1,Advanced vs Random,Random,33,32
4,Advanced vs Random,Random,36,32
10,Advanced vs Random,Advanced,40,30
11,Advanced vs Random,Random,39,28
1,Advanced vs Random,Random,31,30
7,Advanced vs Random,Random,35,28
9,Advanced vs Random,Random,35,26
10,Advanced vs Random,Advanced,40,30
1,Advanced vs Random,Random,29,28
1,Advanced vs Random,Advanced,35,34
14,Advanced vs Random,Random,37,23
5,Advanced vs Random,Advanced,33,28
4,Advanced vs Random,Random,37,33
0,Advanced vs Random,No one,36,36
0,Advanced vs Random,No one,38,38
3,Advanced vs Random,Advanced,32,29
2,Advanced vs Random,Random,36,34
12,Advanced vs Random,Random,46,34
2,Advanced vs Random,Advanced,33,31
2,Advanced vs Random,Random,37,35
11,Advanced vs Random,Advanced,39,28
2,Advanced vs Random,Random,33,31
8,Advanced vs Random,Random,40,32
9,Advanced vs Random,Random,39,30
2,Advanced vs Random,Advanced,37,35
11,Advanced vs Random,Advanced,38,27
6,Advanced vs Random,Random,35,29
9,Advanced vs Random,Advanced,41,32
5,Advanced vs Random,Advanced,37,32
13,Advanced vs Random,Random,42,29
1,Advanced vs Random,Random,31,30
19,Advanced vs Random,Random,42,23
5,Advanced vs Random,Random,32,27
15,Advanced vs Random,Random,44,29
22,Advanced vs Random,Random,41,19
4,Advanced vs Random,Advanced,37,33
1,Advanced vs Random,Random,34,33
2,Advanced vs Random,Random,33,31
7,Advanced vs Random,Random,40,33
6,Advanced vs Random,Random,38,32
2,Advanced vs Random,Random,32,30
3,Advanced vs Random,Advanced,36,33
8,Advanced vs Random,Advanced,39,31
4,Advanced vs Random,Random,37,33
5,Advanced vs Random,Random,40,35
4,Advanced vs Random,Random,35,31
8,Advanced vs Random,Advanced,42,34
3,Advanced vs Random,Advanced,32,29
7,Advanced vs Random,Random,35,28
3,Advanced vs Random,Advanced,31,28
6,Advanced vs Random,Random,34,28
6,Advanced vs Random,Advanced,36,30
5,Advanced vs Random,Random,34,29
3,Advanced vs Random,Random,33,30
9,Advanced vs Random,Advanced,39,30
1,Advanced vs Random,Random,35,34
8,Advanced vs Random,Random,41,33
5,Advanced vs Random,Random,38,33
4,Advanced vs Random,Random,34,30
7,Advanced vs Random,Random,36,29
6,Advanced vs Random,Advanced,32,26
12,Advanced vs Random,Advanced,39,27
8,Advanced vs Random,Random,37,29
6,Advanced vs Random,Advanced,41,35
2,Advanced vs Random,Random,35,33
5,Advanced vs Random,Random,38,33
10,Advanced vs Random,Random,37,27
17,Advanced vs Random,Advanced,41,24
23,Advanced vs Random,Random,45,22
8,Advanced vs Random,Random,36,28
1,Advanced vs Random,Advanced,33,32
1,Advanced vs Random,Random,32,31
0,Advanced vs Random,No one,33,33
3,Advanced vs Random,Advanced,40,37
7,Advanced vs Random,Random,39,32
13,Advanced vs Random,Advanced,44,31
5,Advanced vs Random,Random,33,28
4,Advanced vs Random,Advanced,30,26
16,Advanced vs Random,Random,44,28
1,Advanced vs Random,Advanced,37,36
7,Advanced vs Random,Random,37,30
12,Advanced vs Random,Random,33,21
15,Advanced vs Random,Random,44,29
10,Advanced vs Random,Random,40,30
13,Advanced vs Random,Advanced,43,30
4,Advanced vs Random,Random,34,30
6,Advanced vs Random,Advanced,33,27
7,Advanced vs Random,Random,36,29
6,Advanced vs Random,Advanced,40,34
12,Advanced vs Random,Random,40,28
8,Advanced vs Random,Advanced,34,26
4,Advanced vs Random,Random,38,34
9,Advanced vs Random,Advanced,39,30
4,Advanced vs Random,Random,35,31
13,Advanced vs Random,Random,42,29
3,Advanced vs Random,Random,32,29
24,Advanced vs Random,Advanced,45,21
3,Advanced vs Random,Advanced,31,28
1,Advanced vs Random,Advanced,31,30
12,Advanced vs Random,Random,40,28
6,Advanced vs Random,Advanced,33,27
13,Advanced vs Random,Advanced,41,28
6,Advanced vs Random,Random,37,31
0,Advanced vs Random,No one,33,33
4,Advanced vs Random,Random,34,30
5,Advanced vs Random,Random,34,29
19,Advanced vs Random,Random,46,27
2,Advanced vs Random,Random,31,29
2,Advanced vs Random,Advanced,36,34
3,Advanced vs Random,Random,29,26
3,Advanced vs Random,Advanced,38,35
4,Advanced vs Random,Advanced,32,28
0,Advanced vs Random,No one,36,36
14,Advanced vs Random,Random,41,27
2,Advanced vs Random,Random,34,32
3,Advanced vs Random,Random,35,32
5,Advanced vs Random,Advanced,37,32
1,Advanced vs Random,Random,35,34
10,Advanced vs Random,Random,42,32
2,Advanced vs Random,Random,40,38
0,Advanced vs Random,No one,34,34
18,Advanced vs Random,Advanced,46,28
20,Advanced vs Random,Random,44,24
4,Advanced vs Random,Advanced,37,33
1,Advanced vs Random,Advanced,32,31
0,Advanced vs Random,No one,31,31
6,Advanced vs Random,Random,34,28
8,Advanced vs Random,Random,34,26
0,Advanced vs Random,No one,35,35
18,Advanced vs Random,Advanced,46,28
13,Advanced vs Random,Random,41,28
2,Advanced vs Random,Random,36,34
4,Advanced vs Random,Advanced,34,30
11,Advanced vs Random,Random,42,31
3,Advanced vs Random,Random,37,34
9,Advanced vs Random,Random,40,31
2,Advanced vs Random,Random,37,35
2,Advanced vs Random,Random,32,30
9,Advanced vs Random,Random,38,29
3,Advanced vs Random,Random,37,34
10,Advanced vs Random,Advanced,36,26
8,Advanced vs Random,Random,38,30
6,Advanced vs Random,Advanced,38,32
2,Advanced vs Random,Advanced,35,33
10,Advanced vs Random,Random,41,31
3,Advanced vs Random,Advanced,36,33
15,Advanced vs Random,Random,38,23
21,Advanced vs Random,Advanced,43,22
1,Advanced vs Random,Random,33,32
0,Advanced vs Random,No one,34,34
6,Advanced vs Random,Random,39,33
3,Advanced vs Random,Random,37,34
1,Advanced vs Random,Advanced,36,35
3,Advanced vs Random,Random,40,37
7,Advanced vs Random,Random,39,32
5,Advanced vs Random,Random,40,35
0,Advanced vs Random,No one,34,34
12,Advanced vs Random,Random,35,23
4,Advanced vs Random,Random,32,28
14,Advanced vs Random,Random,48,34
7,Advanced vs Random,Advanced,36,29
2,Advanced vs Random,Advanced,34,32
4,Advanced vs Random,Advanced,36,32
8,Advanced vs Random,Random,36,28
12,Advanced vs Random,Random,37,25
5,Advanced vs Random,Random,36,31
8,Advanced vs Random,Random,40,32
3,Advanced vs Random,Advanced,36,33
5,Advanced vs Random,Advanced,38,33
11,Advanced vs Random,Random,40,29
7,Advanced vs Random,Advanced,37,30
0,Advanced vs Random,No one,36,36
3,Advanced vs Random,Random,33,30
1,Advanced vs Random,Random,33,32
1,Advanced vs Random,Advanced,35,34
0,Advanced vs Random,No one,36,36
3,Advanced vs Random,Advanced,37,34
8,Advanced vs Random,Random,40,32
2,Advanced vs Random,Random,37,35
2,Advanced vs Random,Advanced,34,32
3,Advanced vs Random,Random,33,30
6,Advanced vs Random,Advanced,33,27
7,Advanced vs Random,Advanced,36,29
5,Advanced vs Random,Random,38,33
2,Advanced vs Random,Advanced,36,34
2,Advanced vs Random,Random,38,36
7,Advanced vs Random,Advanced,37,30
7,Advanced vs Random,Advanced,38,31
4,Advanced vs Random,Advanced,38,34
9,Advanced vs Random,Random,40,31
7,Advanced vs Random,Random,33,26
17,Advanced vs Random,Random,42,25
8,Advanced vs Random,Random,39,31
1,Advanced vs Random,Random,39,38
9,Advanced vs Random,Advanced,37,28
16,Advanced vs Random,Advanced,41,25
1,Advanced vs Random,Random,32,31
3,Advanced vs Random,Advanced,36,33
19,Advanced vs Random,Advanced,44,25
12,Advanced vs Random,Random,35,23
4,Advanced vs Random,Random,33,29
2,Advanced vs Random,Advanced,32,30
21,Advanced vs Random,Random,46,25
3,Advanced vs Random,Advanced,34,31
8,Advanced vs Random,Advanced,44,36
4,Advanced vs Random,Random,37,33
3,Advanced vs Random,Random,34,31
1,Advanced vs Random,Random,30,29
2,Advanced vs Random,Random,36,34
6,Advanced vs Random,Advanced,32,26
1,Advanced vs Random,Random,34,33
4,Advanced vs Random,Random,34,30
10,Advanced vs Random,Random,39,29
16,Advanced vs Random,Random,40,24
20,Advanced vs Random,Random,42,22
2,Advanced vs Random,Random,36,34
2,Advanced vs Random,Random,31,29
1,Advanced vs Random,Advanced,36,35
8,Advanced vs Random,Random,38,30
8,Advanced vs Random,Random,35,27
7,Advanced vs Random,Random,40,33
7,Advanced vs Random,Random,36,29
5,Advanced vs Random,Random,37,32
2,Advanced vs Random,Advanced,33,31
0,Advanced vs Random,No one,32,32
18,Advanced vs Random,Advanced,44,26
11,Advanced vs Random,Random,42,31
3,Advanced vs Random,Random,36,33
13,Advanced vs Random,Advanced,39,26
11,Advanced vs Random,Advanced,36,25
1,Advanced vs Random,Advanced,27,26
1,Advanced vs Random,Random,36,35
8,Advanced vs Random,Advanced,41,33
12,Advanced vs Random,Advanced,43,31
19,Advanced vs Random,Advanced,43,24
7,Advanced vs Random,Random,37,30
5,Advanced vs Random,Advanced,37,32
9,Advanced vs Random,Random,37,28
10,Advanced vs Random,Random,37,27
3,Advanced vs Random,Advanced,33,30
1,Advanced vs Random,Random,33,32
4,Advanced vs Random,Random,36,32
1,Advanced vs Random,Advanced,33,32
2,Advanced vs Random,Random,36,34
8,Advanced vs Random,Random,39,31
7,Advanced vs Random,Advanced,37,30
4,Advanced vs Random,Advanced,33,29
5,Advanced vs Random,Random,35,30
3,Advanced vs Random,Random,29,26
5,Advanced vs Random,Advanced,38,33
15,Advanced vs Random,Advanced,35,20
4,Advanced vs Random,Random,35,31
13,Advanced vs Random,Random,39,26
2,Advanced vs Random,Advanced,36,34
21,Advanced vs Random,Advanced,39,18
1,Advanced vs Random,Random,32,31
5,Advanced vs Random,Advanced,40,35
4,Advanced vs Random,Advanced,36,32
1,Advanced vs Random,Advanced,35,34
7,Advanced vs Random,Random,40,33
2,Advanced vs Random,Random,33,31
5,Advanced vs Random,Advanced,33,28
6,Advanced vs Random,Advanced,34,28
8,Advanced vs Random,Random,40,32
5,Advanced vs Random,Advanced,36,31
5,Advanced vs Random,Random,39,34
4,Advanced vs Random,Advanced,37,33
5,Advanced vs Random,Advanced,35,30
10,Advanced vs Random,Random,34,24
4,Advanced vs Random,Random,36,32
9,Advanced vs Random,Advanced,40,31
1,Advanced vs Random,Advanced,28,27
16,Advanced vs Random,Advanced,42,26
8,Advanced vs Random,Advanced,36,28
0,Advanced vs Random,No one,33,33
12,Advanced vs Random,Advanced,43,31
10,Advanced vs Random,Random,39,29
4,Advanced vs Random,Random,36,32
9,Advanced vs Random,Advanced,40,31
3,Advanced vs Random,Advanced,37,34
1,Advanced vs Random,Advanced,37,36
8,Advanced vs Random,Advanced,37,29
0,Advanced vs Random,No one,35,35
2,Advanced vs Random,Advanced,33,31
5,Advanced vs Random,Advanced,38,33
2,Advanced vs Random,Advanced,31,29
1,Advanced vs Random,Advanced,34,33
19,Advanced vs Random,Random,45,26
14,Advanced vs Random,Random,47,33
5,Advanced vs Random,Random,36,31
1,Advanced vs Random,Random,29,28
13,Advanced vs Random,Random,39,26
1,Advanced vs Random,Random,33,32
7,Advanced vs Random,Random,38,31
5,Advanced vs Random,Random,36,31
12,Advanced vs Random,Advanced,43,31
7,Advanced vs Random,Advanced,40,33
2,Advanced vs Random,Advanced,36,34
11,Advanced vs Random,Advanced,38,27
5,Advanced vs Random,Advanced,33,28
0,Advanced vs Random,No one,34,34
5,Advanced vs Random,Random,38,33
5,Advanced vs Random,Random,36,31
12,Advanced vs Random,Advanced,40,28
6,Advanced vs Random,Random,35,29
9,Advanced vs Random,Random,39,30
1,Advanced vs Random,Random,36,35
9,Advanced vs Random,Advanced,37,28
2,Advanced vs Random,Random,36,34
5,Advanced vs Random,Advanced,34,29
3,Advanced vs Random,Random,33,30
11,Advanced vs Random,Advanced,41,30
9,Advanced vs Random,Advanced,39,30
7,Advanced vs Random,Advanced,33,26
7,Advanced vs Random,Random,33,26
2,Advanced vs Random,Advanced,35,33
1,Advanced vs Random,Random,34,33
5,Advanced vs Random,Advanced,36,31
5,Advanced vs Random,Random,35,30
2,Advanced vs Random,Advanced,33,31
10,Advanced vs Random,Random,39,29
12,Advanced vs Random,Random,41,29
10,Advanced vs Random,Random,39,29
11,Advanced vs Random,Random,38,27
5,Advanced vs Random,Advanced,36,31
7,Advanced vs Random,Advanced,34,27
2,Advanced vs Random,Advanced,38,36
11,Advanced vs Random,Advanced,39,28
0,Advanced vs Random,No one,35,35
6,Advanced vs Random,Advanced,36,30
11,Advanced vs Random,Random,39,28
5,Advanced vs Random,Advanced,36,31
19,Advanced vs Random,Random,43,24
1,Advanced vs Random,Random,32,31
3,Advanced vs Random,Advanced,33,30
10,Advanced vs Random,Random,40,30
6,Advanced vs Random,Random,38,32
7,Advanced vs Random,Advanced,38,31
3,Advanced vs Random,Advanced,39,36
6,Advanced vs Random,Random,37,31
2,Advanced vs Random,Advanced,31,29
4,Advanced vs Random,Advanced,36,32
1,Advanced vs Random,Random,38,37
8,Advanced vs Random,Random,39,31
8,Advanced vs Random,Random,40,32
1,Advanced vs Random,Random,37,36
3,Advanced vs Random,Advanced,33,30
6,Advanced vs Random,Advanced,38,32
0,Advanced vs Random,No one,31,31
0,Advanced vs Random,No one,37,37
0,Advanced vs Random,No one,34,34
2,Advanced vs Random,Advanced,35,33
4,Advanced vs Random,Random,38,34
3,Advanced vs Random,Advanced,31,28
10,Advanced vs Random,Random,36,26
2,Advanced vs Random,Advanced,31,29
7,Advanced vs Random,Advanced,36,29
5,Advanced vs Random,Advanced,36,31
1,Advanced vs Random,Random,32,31
3,Advanced vs Random,Advanced,34,31
14,Advanced vs Random,Random,40,26
4,Advanced vs Random,Random,35,31
5,Advanced vs Random,Advanced,37,32
5,Advanced vs Random,Advanced,32,27
8,Advanced vs Random,Random,35,27
9,Advanced vs Random,Advanced,36,27
0,Advanced vs Random,No one,36,36
3,Advanced vs Random,Advanced,33,30
5,Advanced vs Random,Random,36,31
5,Advanced vs Random,Advanced,37,32
13,Advanced vs Random,Random,39,26
12,Advanced vs Random,Random,41,29
6,Advanced vs Random,Advanced,38,32
0,Advanced vs Random,No one,33,33
11,Advanced vs Random,Random,36,25
6,Advanced vs Random,Random,34,28
11,Advanced vs Random,Random,39,28
6,Advanced vs Random,Advanced,34,28
4,Advanced vs Random,Random,34,30
4,Advanced vs Random,Random,39,35
2,Advanced vs Random,Random,31,29
2,Advanced vs Random,Advanced,34,32
2,Advanced vs Random,Random,34,32
13,Advanced vs Random,Random,40,27
11,Advanced vs Random,Random,38,27
2,Advanced vs Random,Advanced,35,33
0,Advanced vs Random,No one,32,32
2,Advanced vs Random,Random,33,31
15,Advanced vs Random,Advanced,43,28
4,Advanced vs Random,Advanced,34,30
5,Advanced vs Random,Advanced,36,31
9,Advanced vs Random,Random,38,29
5,Advanced vs Random,Random,37,32
2,Advanced vs Random,Random,36,34
7,Advanced vs Random,Random,41,34
2,Advanced vs Random,Advanced,34,32
6,Advanced vs Random,Random,36,30
1,Advanced vs Random,Advanced,35,34
9,Advanced vs Random,Advanced,37,28
16,Advanced vs Random,Random,37,21
0,Advanced vs Random,No one,36,36
3,Advanced vs Random,Random,39,36
8,Advanced vs Random,Random,36,28
4,Advanced vs Random,Random,37,33
1,Advanced vs Random,Advanced,40,39
2,Advanced vs Random,Advanced,38,36
3,Advanced vs Random,Random,34,31
6,Advanced vs Random,Advanced,40,34
6,Advanced vs Random,Advanced,38,32
3,Advanced vs Random,Random,38,35
18,Advanced vs Random,Random,44,26
7,Advanced vs Random,Advanced,41,34
1,Advanced vs Random,Advanced,31,30
3,Advanced vs Random,Advanced,34,31
17,Advanced vs Random,Random,44,27
11,Advanced vs Random,Advanced,42,31
7,Advanced vs Random,Random,36,29
7,Advanced vs Random,Advanced,39,32
14,Advanced vs Random,Random,40,26
3,Advanced vs Random,Advanced,32,29
8,Advanced vs Random,Random,40,32
4,Advanced vs Random,Random,37,33
15,Advanced vs Random,Advanced,40,25
4,Advanced vs Random,Random,33,29
2,Advanced vs Random,Advanced,33,31
18,Advanced vs Random,Random,43,25
8,Advanced vs Random,Advanced,41,33
2,Advanced vs Random,Random,34,32
10,Advanced vs Random,Advanced,40,30
7,Advanced vs Random,Random,37,30
16,Advanced vs Random,Advanced,45,29
0,Advanced vs Random,No one,34,34
5,Advanced vs Random,Random,39,34
14,Advanced vs Random,Advanced,44,30
0,Advanced vs Random,No one,30,30
2,Advanced vs Random,Random,32,30
4,Advanced vs Random,Advanced,35,31
4,Advanced vs Random,Random,35,31
4,Advanced vs Random,Random,37,33
2,Advanced vs Random,Advanced,36,34
1,Advanced vs Random,Advanced,34,33
0,Advanced vs Random,No one,30,30
11,Advanced vs Random,Random,35,24
2,Advanced vs Random,Advanced,34,32
4,Advanced vs Random,Advanced,36,32
3,Advanced vs Random,Random,36,33
1,Advanced vs Random,Random,32,31
5,Advanced vs Random,Advanced,33,28
16,Advanced vs Random,Random,43,27
4,Advanced vs Random,Random,33,29
4,Advanced vs Random,Random,37,33
6,Advanced vs Random,Random,39,33
6,Advanced vs Random,Advanced,39,33
4,Advanced vs Random,Random,37,33
0,Advanced vs Random,No one,35,35
4,Advanced vs Random,Advanced,38,34
15,Advanced vs Random,Advanced,42,27
10,Advanced vs Random,Random,37,27
9,Advanced vs Random,Advanced,33,24
14,Advanced vs Random,Advanced,40,26
3,Advanced vs Random,Random,37,34
11,Advanced vs Random,Advanced,40,29
0,Advanced vs Random,No one,33,33
7,Advanced vs Random,Random,35,28
1,Advanced vs Random,Random,31,30
6,Advanced vs Random,Advanced,33,27
3,Advanced vs Random,Random,35,32
9,Advanced vs Random,Random,37,28
0,Advanced vs Random,No one,34,34
0,Advanced vs Random,No one,32,32
6,Advanced vs Random,Advanced,37,31
8,Advanced vs Random,Advanced,39,31
4,Advanced vs Random,Random,38,34
9,Advanced vs Random,Advanced,40,31
8,Advanced vs Random,Advanced,34,26
2,Advanced vs Random,Random,34,32
7,Advanced vs Random,Advanced,42,35
11,Advanced vs Random,Advanced,38,27
19,Advanced vs Random,Random,44,25
2,Advanced vs Random,Advanced,33,31
2,Advanced vs Random,Random,35,33
3,Advanced vs Random,Advanced,39,36
2,Advanced vs Random,Advanced,33,31
5,Advanced vs Random,Random,36,31
0,Advanced vs Random,No one,35,35
24,Advanced vs Random,Advanced,49,25
8,Advanced vs Random,Random,41,33
0,Advanced vs Random,No one,36,36
4,Advanced vs Random,Advanced,34,30
1,Advanced vs Random,Advanced,37,36
1,Advanced vs Random,Advanced,38,37
6,Advanced vs Random,Random,38,32
6,Advanced vs Random,Random,35,29
11,Advanced vs Random,Advanced,38,27
0,Advanced vs Random,No one,33,33
8,Advanced vs Random,Advanced,38,30
3,Advanced vs Random,Advanced,34,31
2,Advanced vs Random,Advanced,34,32
1,Advanced vs Random,Advanced,39,38
5,Advanced vs Random,Advanced,37,32
12,Advanced vs Random,Advanced,43,31
5,Advanced vs Random,Random,34,29
7,Advanced vs Random,Advanced,37,30
5,Advanced vs Random,Advanced,39,34
0,Advanced vs Random,No one,30,30
1,Advanced vs Random,Advanced,35,34
4,Advanced vs Random,Advanced,34,30
4,Advanced vs Random,Random,35,31
6,Advanced vs Random,Advanced,39,33
3,Advanced vs Random,Random,35,32
16,Advanced vs Random,Advanced,42,26
12,Advanced vs Random,Random,41,29
11,Advanced vs Random,Random,36,25
4,Advanced vs Random,Random,32,28
8,Advanced vs Random,Random,39,31
12,Advanced vs Random,Random,41,29
8,Advanced vs Random,Random,40,32
5,Advanced vs Random,Advanced,41,36
1,Advanced vs Random,Advanced,31,30
18,Advanced vs Random,Advanced,40,22
14,Advanced vs Random,Random,42,28
14,Advanced vs Random,Random,40,26
7,Advanced vs Random,Random,38,31
7,Advanced vs Random,Advanced,40,33
6,Advanced vs Random,Random,39,33
5,Advanced vs Random,Advanced,39,34
2,Advanced vs Random,Advanced,32,30
2,Advanced vs Random,Random,35,33
1,Advanced vs Random,Random,33,32
5,Advanced vs Random,Random,38,33
4,Advanced vs Random,Random,35,31
14,Advanced vs Random,Advanced,43,29
3,Advanced vs Random,Advanced,37,34
5,Advanced vs Random,Advanced,38,33
5,Advanced vs Random,Random,34,29
8,Advanced vs Random,Random,39,31
19,Advanced vs Random,Random,41,22
1,Advanced vs Random,Random,32,31
4,Advanced vs Random,Advanced,36,32
11,Advanced vs Random,Advanced,41,30
2,Advanced vs Random,Advanced,36,34
11,Advanced vs Random,Advanced,39,28
13,Advanced vs Random,Advanced,40,27
6,Advanced vs Random,Random,38,32
5,Advanced vs Random,Random,33,28
9,Advanced vs Random,Random,33,24
5,Advanced vs Random,Random,38,33
12,Advanced vs Random,Random,41,29
15,Advanced vs Random,Random,41,26
8,Advanced vs Random,Advanced,36,28
8,Advanced vs Random,Advanced,40,32
12,Advanced vs Random,Random,37,25
4,Advanced vs Random,Random,35,31
2,Advanced vs Random,Random,34,32
12,Advanced vs Random,Random,41,29
0,Advanced vs Random,No one,34,34
17,Advanced vs Random,Advanced,41,24
5,Advanced vs Random,Advanced,36,31
1,Advanced vs Random,Random,32,31
2,Advanced vs Random,Random,34,32
0,Advanced vs Random,No one,31,31
5,Advanced vs Random,Advanced,39,34
5,Advanced vs Random,Advanced,34,29
0,Advanced vs Random,No one,27,27
7,Advanced vs Random,Advanced,37,30
0,Advanced vs Random,No one,34,34
4,Advanced vs Random,Random,34,30
2,Advanced vs Random,Advanced,33,31
9,Advanced vs Random,Advanced,36,27
12,Advanced vs Random,Random,42,30
6,Advanced vs Random,Random,36,30
4,Advanced vs Random,Random,36,32
1,Advanced vs Random,Random,31,30
5,Advanced vs Random,Random,37,32
10,Advanced vs Random,Random,36,26
1,Advanced vs Random,Advanced,33,32
2,Advanced vs Random,Random,37,35
16,Advanced vs Random,Random,37,21
3,Advanced vs Random,Random,32,29
2,Advanced vs Random,Advanced,34,32
2,Advanced vs Random,Advanced,32,30
7,Advanced vs Random,Advanced,37,30
1,Advanced vs Random,Advanced,34,33
2,Advanced vs Random,Advanced,37,35
3,Advanced vs Random,Random,31,28
9,Advanced vs Random,Random,37,28
4,Advanced vs Random,Random,34,30
10,Advanced vs Random,Advanced,41,31
5,Advanced vs Random,Random,35,30
3,Advanced vs Random,Random,36,33
0,Advanced vs Random,No one,32,32
0,Advanced vs Random,No one,35,35
5,Advanced vs Random,Random,35,30
5,Advanced vs Random,Advanced,33,28
6,Advanced vs Random,Advanced,39,33
9,Advanced vs Random,Random,36,27
8,Advanced vs Random,Random,35,27
0,Advanced vs Random,No one,37,37
3,Advanced vs Random,Random,38,35
8,Advanced vs Random,Advanced,40,32
2,Advanced vs Random,Advanced,31,29
14,Advanced vs Random,Random,43,29
7,Advanced vs Random,Random,36,29
0,Advanced vs Random,No one,37,37
9,Advanced vs Random,Advanced,37,28
17,Advanced vs Random,Advanced,45,28
8,Advanced vs Random,Random,36,28
2,Advanced vs Random,Advanced,35,33
0,Advanced vs Random,No one,35,35
7,Advanced vs Random,Advanced,36,29
9,Advanced vs Random,Random,37,28
1,Advanced vs Random,Advanced,39,38
4,Advanced vs Random,Random,36,32
3,Advanced vs Random,Random,37,34
4,Advanced vs Random,Advanced,37,33
10,Advanced vs Random,Random,37,27
10,Advanced vs Random,Advanced,40,30
13,Advanced vs Random,Advanced,41,28
4,Advanced vs Random,Advanced,31,27
17,Advanced vs Random,Random,42,25
1,Advanced vs Random,Advanced,34,33
10,Advanced vs Random,Random,36,26
22,Advanced vs Random,Random,42,20
12,Advanced vs Random,Advanced,41,29
4,Advanced vs Random,Advanced,37,33
1,Advanced vs Random,Advanced,34,33
1,Advanced vs Random,Random,36,35
2,Advanced vs Random,Advanced,29,27
11,Advanced vs Random,Advanced,41,30
14,Advanced vs Random,Random,41,27
11,Advanced vs Random,Advanced,39,28
5,Advanced vs Random,Advanced,36,31
1,Advanced vs Random,Advanced,37,36
7,Advanced vs Random,Advanced,36,29
19,Advanced vs Random,Advanced,40,21
11,Advanced vs Random,Random,39,28
11,Advanced vs Random,Random,42,31
7,Advanced vs Random,Random,40,33
2,Advanced vs Random,Advanced,34,32
11,Advanced vs Random,Advanced,41,30
6,Advanced vs Random,Advanced,38,32
6,Advanced vs Random,Random,40,34
2,Advanced vs Random,Random,31,29
13,Advanced vs Random,Advanced,42,29
5,Advanced vs Random,Advanced,36,31
4,Advanced vs Random,Random,35,31
2,Advanced vs Random,Random,34,32
5,Advanced vs Random,Advanced,38,33
12,Advanced vs Random,Random,38,26
1,Advanced vs Random,Advanced,40,39
9,Advanced vs Random,Random,36,27
5,Advanced vs Random,Advanced,37,32
6,Advanced vs Random,Advanced,37,31
15,Advanced vs Random,Random,41,26
10,Advanced vs Random,Random,37,27
3,Advanced vs Random,Random,35,32
3,Advanced vs Random,Advanced,33,30
14,Advanced vs Random,Random,41,27
1,Advanced vs Random,Random,37,36
3,Advanced vs Random,Advanced,32,29
2,Advanced vs Random,Advanced,36,34
0,Advanced vs Random,No one,36,36
8,Advanced vs Random,Random,38,30
6,Advanced vs Random,Random,38,32
9,Advanced vs Random,Advanced,36,27
1,Advanced vs Random,Advanced,35,34
3,Advanced vs Random,Advanced,36,33
13,Advanced vs Random,Advanced,37,24
13,Advanced vs Random,Random,38,25
0,Advanced vs Random,No one,29,29
5,Advanced vs Random,Random,33,28
9,Advanced vs Random,Advanced,36,27
4,Advanced vs Random,Random,34,30
4,Advanced vs Random,Advanced,35,31
9,Advanced vs Random,Random,38,29
14,Advanced vs Random,Advanced,39,25
3,Advanced vs Random,Random,37,34
3,Advanced vs Random,Random,34,31
1,Advanced vs Random,Random,32,31
4,Advanced vs Random,Advanced,39,35
5,Advanced vs Random,Random,36,31
4,Advanced vs Random,Advanced,33,29
8,Advanced vs Random,Random,37,29
15,Advanced vs Random,Advanced,40,25
11,Advanced vs Random,Random,40,29
10,Advanced vs Random,Advanced,37,27
6,Advanced vs Random,Random,34,28
3,Advanced vs Random,Random,35,32
1,Advanced vs Random,Advanced,34,33
3,Advanced vs Random,Advanced,35,32
7,Advanced vs Random,Random,40,33
19,Advanced vs Random,Advanced,43,24
9,Advanced vs Random,Random,35,26
8,Advanced vs Random,Random,36,28
1,Advanced vs Random,Random,38,37
6,Advanced vs Random,Advanced,33,27
0,Advanced vs Random,No one,31,31
4,Advanced vs Random,Random,35,31
4,Advanced vs Random,Random,35,31
6,Advanced vs Random,Random,36,30
10,Advanced vs Random,Advanced,40,30
9,Advanced vs Random,Random,41,32
19,Advanced vs Random,Random,41,22
13,Advanced vs Random,Random,43,30
18,Advanced vs Random,Random,45,27
17,Advanced vs Random,Random,40,23
4,Advanced vs Random,Random,33,29
1,Advanced vs Random,Advanced,33,32
3,Advanced vs Random,Random,36,33
10,Advanced vs Random,Advanced,39,29
7,Advanced vs Random,Advanced,39,32
11,Advanced vs Random,Random,39,28
8,Advanced vs Random,Random,41,33
2,Advanced vs Random,Advanced,33,31
12,Advanced vs Random,Advanced,42,30
2,Advanced vs Random,Random,34,32
7,Advanced vs Random,Advanced,41,34
1,Advanced vs Random,Advanced,36,35
0,Advanced vs Random,No one,30,30
11,Advanced vs Random,Advanced,41,30
13,Advanced vs Random,Random,44,31
4,Advanced vs Random,Advanced,36,32
3,Advanced vs Random,Advanced,39,36
6,Advanced vs Random,Advanced,39,33
1,Advanced vs Random,Random,36,35
2,Advanced vs Random,Advanced,37,35
7,Advanced vs Random,Random,34,27
7,Advanced vs Random,Advanced,37,30
17,Advanced vs Random,Advanced,41,24
13,Advanced vs Random,Advanced,41,28
1,Advanced vs Random,Random,35,34
2,Advanced vs Random,Advanced,35,33
5,Advanced vs Random,Advanced,33,28
3,Advanced vs Random,Advanced,31,28
17,Advanced vs Random,Advanced,43,26
8,Advanced vs Random,Advanced,37,29
9,Advanced vs Random,Random,41,32
8,Advanced vs Random,Random,33,25
2,Advanced vs Random,Random,40,38
0,Advanced vs Random,No one,34,34
4,Advanced vs Random,Random,32,28
12,Advanced vs Random,Random,41,29
2,Advanced vs Random,Advanced,31,29
4,Advanced vs Random,Random,31,27
9,Advanced vs Random,Advanced,39,30
14,Advanced vs Random,Random,40,26
5,Advanced vs Random,Random,31,26
4,Advanced vs Random,Advanced,36,32
3,Advanced vs Random,Advanced,35,32
2,Advanced vs Random,Advanced,35,33
3,Advanced vs Random,Random,31,28
5,Advanced vs Random,Advanced,37,32
3,Advanced vs Random,Random,35,32
18,Advanced vs Random,Random,41,23
3,Advanced vs Random,Random,34,31
7,Advanced vs Random,Random,36,29
1,Advanced vs Random,Advanced,36,35
3,Advanced vs Random,Advanced,33,30
3,Advanced vs Random,Random,34,31
18,Advanced vs Random,Advanced,43,25
9,Advanced vs Random,Advanced,35,26
12,Advanced vs Random,Random,39,27
2,Advanced vs Random,Advanced,34,32
0,Advanced vs Random,No one,32,32
6,Advanced vs Random,Advanced,39,33
1,Advanced vs Random,Advanced,31,30
3,Advanced vs Random,Random,35,32
16,Advanced vs Random,Advanced,44,28
3,Advanced vs Random,Advanced,35,32
4,Advanced vs Random,Advanced,35,31
4,Advanced vs Random,Advanced,36,32
4,Advanced vs Random,Advanced,34,30
3,Advanced vs Random,Advanced,33,30
16,Advanced vs Random,Random,41,25
4,Advanced vs Random,Random,33,29
1,Advanced vs Random,Random,37,36
5,Advanced vs Random,Random,39,34
3,Advanced vs Random,Advanced,34,31
4,Advanced vs Random,Random,35,31
2,Advanced vs Random,Random,35,33
11,Advanced vs Random,Random,38,27
6,Advanced vs Random,Advanced,35,29
8,Advanced vs Random,Advanced,41,33
9,Advanced vs Random,Random,36,27
7,Advanced vs Random,Advanced,33,26
2,Advanced vs Random,Advanced,33,31
7,Advanced vs Random,Random,38,31
6,Advanced vs Random,Random,34,28
13,Advanced vs Random,Advanced,37,24
6,Advanced vs Random,Random,31,25
7,Advanced vs Random,Random,36,29
3,Advanced vs Random,Random,33,30
11,Advanced vs Random,Advanced,41,30
3,Advanced vs Random,Random,35,32
16,Advanced vs Random,Random,44,28
4,Advanced vs Random,Advanced,40,36
7,Advanced vs Random,Random,35,28
3,Advanced vs Random,Advanced,35,32
15,Advanced vs Random,Advanced,41,26
1,Advanced vs Random,Random,34,33
3,Advanced vs Random,Advanced,37,34
2,Advanced vs Random,Advanced,36,34
12,Advanced vs Random,Advanced,41,29
7,Advanced vs Random,Random,34,27
1,Advanced vs Random,Advanced,34,33
1,Advanced vs Random,Random,35,34
6,Advanced vs Random,Advanced,35,29
6,Advanced vs Random,Random,34,28
6,Advanced vs Random,Random,37,31
5,Advanced vs Random,Advanced,38,33
0,Advanced vs Random,No one,32,32
5,Advanced vs Random,Random,37,32
2,Advanced vs Random,Advanced,36,34
0,Advanced vs Random,No one,31,31
14,Advanced vs Random,Random,42,28
13,Advanced vs Random,Random,40,27
2,Advanced vs Random,Random,36,34
0,Advanced vs Random,No one,37,37
11,Advanced vs Random,Random,40,29
4,Advanced vs Random,Advanced,31,27
0,Advanced vs Random,No one,37,37
4,Advanced vs Random,Advanced,33,29
12,Advanced vs Random,Random,38,26
5,Advanced vs Random,Advanced,34,29
2,Advanced vs Random,Advanced,31,29
6,Advanced vs Random,Advanced,33,27
3,Advanced vs Random,Advanced,31,28
15,Advanced vs Random,Advanced,43,28
2,Advanced vs Random,Random,34,32
6,Advanced vs Random,Advanced,36,30
7,Advanced vs Random,Advanced,36,29
9,Advanced vs Random,Random,37,28
24,Advanced vs Random,Advanced,48,24
6,Advanced vs Random,Advanced,37,31
11,Advanced vs Random,Random,34,23
0,Advanced vs Random,No one,35,35
16,Advanced vs Random,Advanced,43,27
2,Advanced vs Random,Advanced,36,34
8,Advanced vs Random,Advanced,35,27
2,Advanced vs Random,Advanced,37,35
6,Advanced vs Random,Random,36,30
2,Advanced vs Random,Random,31,29
2,Advanced vs Random,Random,33,31
6,Advanced vs Random,Advanced,37,31
14,Advanced vs Random,Random,44,30
4,Advanced vs Random,Random,30,26
4,Advanced vs Random,Advanced,33,29
8,Advanced vs Random,Advanced,36,28
11,Advanced vs Random,Advanced,43,32
4,Advanced vs Random,Advanced,31,27
7,Advanced vs Random,Random,37,30
12,Advanced vs Random,Advanced,39,27
3,Advanced vs Random,Advanced,38,35
2,Advanced vs Random,Advanced,34,32
5,Advanced vs Random,Advanced,33,28
6,Advanced vs Random,Random,36,30
2,Advanced vs Random,Random,36,34
4,Advanced vs Random,Random,36,32
10,Advanced vs Random,Random,37,27
1,Advanced vs Random,Advanced,37,36
6,Advanced vs Random,Random,33,27
5,Advanced vs Random,Random,38,33
1,Random vs Random,Random,33,32
4,Random vs Random,Random,36,32
2,Random vs Random,Random,35,33
6,Random vs Random,Random,37,31
2,Random vs Random,Random,36,34
4,Random vs Random,Random,33,29
5,Random vs Random,Random,38,33
4,Random vs Random,Random,34,30
1,Random vs Random,Random,32,31
11,Random vs Random,Random,38,27
5,Random vs Random,Random,35,30
11,Random vs Random,Random,37,26
3,Random vs Random,Random,36,33
10,Random vs Random,Random,38,28
8,Random vs Random,Random,36,28
12,Random vs Random,Random,39,27
9,Random vs Random,Random,37,28
7,Random vs Random,Random,35,28
4,Random vs Random,Random,37,33
3,Random vs Random,Random,32,29
13,Random vs Random,Random,45,32
10,Random vs Random,Random,38,28
3,Random vs Random,Random,34,31
1,Random vs Random,Random,32,31
13,Random vs Random,Random,39,26
4,Random vs Random,Random,35,31
11,Random vs Random,Random,35,24
7,Random vs Random,Random,38,31
4,Random vs Random,Random,36,32
2,Random vs Random,Random,34,32
0,Random vs Random,No one,31,31
5,Random vs Random,Random,38,33
14,Random vs Random,Random,36,22
2,Random vs Random,Random,34,32
9,Random vs Random,Random,37,28
5,Random vs Random,Random,34,29
2,Random vs Random,Random,34,32
5,Random vs Random,Random,38,33
9,Random vs Random,Random,43,34
3,Random vs Random,Random,34,31
18,Random vs Random,Random,41,23
2,Random vs Random,Random,34,32
7,Random vs Random,Random,37,30
3,Random vs Random,Random,33,30
1,Random vs Random,Random,36,35
7,Random vs Random,Random,40,33
8,Random vs Random,Random,35,27
4,Random vs Random,Random,35,31
4,Random vs Random,Random,34,30
4,Random vs Random,Random,36,32
0,Random vs Random,No one,31,31
23,Random vs Random,Random,48,25
6,Random vs Random,Random,34,28
9,Random vs Random,Random,39,30
3,Random vs Random,Random,36,33
9,Random vs Random,Random,38,29
6,Random vs Random,Random,40,34
4,Random vs Random,Random,34,30
3,Random vs Random,Random,35,32
14,Random vs Random,Random,38,24
12,Random vs Random,Random,42,30
3,Random vs Random,Random,34,31
6,Random vs Random,Random,37,31
7,Random vs Random,Random,35,28
3,Random vs Random,Random,32,29
3,Random vs Random,Random,36,33
2,Random vs Random,Random,34,32
2,Random vs Random,Random,38,36
13,Random vs Random,Random,39,26
4,Random vs Random,Random,32,28
3,Random vs Random,Random,33,30
9,Random vs Random,Random,36,27
9,Random vs Random,Random,39,30
7,Random vs Random,Random,34,27
0,Random vs Random,No one,33,33
1,Random vs Random,Random,35,34
2,Random vs Random,Random,36,34
16,Random vs Random,Random,45,29
5,Random vs Random,Random,33,28
8,Random vs Random,Random,34,26
9,Random vs Random,Random,33,24
6,Random vs Random,Random,35,29
7,Random vs Random,Random,37,30
8,Random vs Random,Random,42,34
3,Random vs Random,Random,36,33
5,Random vs Random,Random,34,29
8,Random vs Random,Random,40,32
1,Random vs Random,Random,34,33
5,Random vs Random,Random,39,34
9,Random vs Random,Random,38,29
6,Random vs Random,Random,38,32
1,Random vs Random,Random,33,32
3,Random vs Random,Random,31,28
12,Random vs Random,Random,43,31
4,Random vs Random,Random,36,32
7,Random vs Random,Random,34,27
1,Random vs Random,Random,36,35
1,Random vs Random,Random,32,31
7,Random vs Random,Random,39,32
8,Random vs Random,Random,38,30
12,Random vs Random,Random,40,28
5,Random vs Random,Random,36,31
9,Random vs Random,Random,37,28
1,Random vs Random,Random,31,30
2,Random vs Random,Random,32,30
10,Random vs Random,Random,39,29
14,Random vs Random,Random,39,25
9,Random vs Random,Random,40,31
12,Random vs Random,Random,35,23
3,Random vs Random,Random,35,32
6,Random vs Random,Random,36,30
3,Random vs Random,Random,37,34
2,Random vs Random,Random,35,33
9,Random vs Random,Random,36,27
5,Random vs Random,Random,37,32
6,Random vs Random,Random,38,32
7,Random vs Random,Random,35,28
1,Random vs Random,Random,38,37
14,Random vs Random,Random,39,25
7,Random vs Random,Random,36,29
9,Random vs Random,Random,38,29
2,Random vs Random,Random,38,36
2,Random vs Random,Random,34,32
5,Random vs Random,Random,40,35
2,Random vs Random,Random,33,31
7,Random vs Random,Random,40,33
8,Random vs Random,Random,40,32
0,Random vs Random,No one,34,34
3,Random vs Random,Random,33,30
4,Random vs Random,Random,37,33
9,Random vs Random,Random,38,29
8,Random vs Random,Random,33,25
4,Random vs Random,Random,37,33
8,Random vs Random,Random,38,30
2,Random vs Random,Random,33,31
6,Random vs Random,Random,34,28
15,Random vs Random,Random,41,26
3,Random vs Random,Random,36,33
9,Random vs Random,Random,39,30
1,Random vs Random,Random,37,36
5,Random vs Random,Random,36,31
2,Random vs Random,Random,36,34
5,Random vs Random,Random,35,30
2,Random vs Random,Random,35,33
16,Random vs Random,Random,38,22
1,Random vs Random,Random,34,33
12,Random vs Random,Random,40,28
3,Random vs Random,Random,39,36
2,Random vs Random,Random,34,32
7,Random vs Random,Random,39,32
15,Random vs Random,Random,44,29
9,Random vs Random,Random,39,30
1,Random vs Random,Random,31,30
7,Random vs Random,Random,35,28
2,Random vs Random,Random,37,35
3,Random vs Random,Random,32,29
4,Random vs Random,Random,38,34
3,Random vs Random,Random,37,34
6,Random vs Random,Random,39,33
1,Random vs Random,Random,33,32
11,Random vs Random,Random,42,31
5,Random vs Random,Random,33,28
6,Random vs Random,Random,36,30
6,Random vs Random,Random,34,28
13,Random vs Random,Random,38,25
3,Random vs Random,Random,34,31
5,Random vs Random,Random,36,31
0,Random vs Random,No one,33,33
10,Random vs Random,Random,38,28
11,Random vs Random,Random,38,27
8,Random vs Random,Random,36,28
5,Random vs Random,Random,35,30
4,Random vs Random,Random,38,34
1,Random vs Random,Random,36,35
7,Random vs Random,Random,35,28
10,Random vs Random,Random,36,26
3,Random vs Random,Random,36,33
1,Random vs Random,Random,28,27
19,Random vs Random,Random,43,24
7,Random vs Random,Random,34,27
8,Random vs Random,Random,40,32
4,Random vs Random,Random,35,31
5,Random vs Random,Random,37,32
5,Random vs Random,Random,36,31
1,Random vs Random,Random,33,32
12,Random vs Random,Random,39,27
12,Random vs Random,Random,39,27
8,Random vs Random,Random,39,31
5,Random vs Random,Random,41,36
6,Random vs Random,Random,37,31
6,Random vs Random,Random,33,27
27,Random vs Random,Random,52,25
4,Random vs Random,Random,35,31
2,Random vs Random,Random,38,36
13,Random vs Random,Random,40,27
3,Random vs Random,Random,35,32
0,Random vs Random,No one,32,32
4,Random vs Random,Random,38,34
18,Random vs Random,Random,44,26
1,Random vs Random,Random,32,31
16,Random vs Random,Random,38,22
7,Random vs Random,Random,32,25
7,Random vs Random,Random,34,27
13,Random vs Random,Random,39,26
9,Random vs Random,Random,34,25
13,Random vs Random,Random,35,22
6,Random vs Random,Random,37,31
0,Random vs Random,No one,31,31
4,Random vs Random,Random,36,32
5,Random vs Random,Random,34,29
8,Random vs Random,Random,35,27
1,Random vs Random,Random,37,36
5,Random vs Random,Random,36,31
0,Random vs Random,No one,35,35
1,Random vs Random,Random,34,33
4,Random vs Random,Random,35,31
13,Random vs Random,Random,43,30
12,Random vs Random,Random,43,31
9,Random vs Random,Random,38,29
2,Random vs Random,Random,32,30
6,Random vs Random,Random,35,29
2,Random vs Random,Random,30,28
10,Random vs Random,Random,36,26
11,Random vs Random,Random,40,29
5,Random vs Random,Random,34,29
2,Random vs Random,Random,35,33
7,Random vs Random,Random,41,34
13,Random vs Random,Random,42,29
7,Random vs Random,Random,37,30
2,Random vs Random,Random,33,31
11,Random vs Random,Random,39,28
6,Random vs Random,Random,35,29
7,Random vs Random,Random,38,31
8,Random vs Random,Random,40,32
1,Random vs Random,Random,32,31
9,Random vs Random,Random,42,33
0,Random vs Random,No one,34,34
10,Random vs Random,Random,36,26
2,Random vs Random,Random,36,34
16,Random vs Random,Random,39,23
10,Random vs Random,Random,37,27
2,Random vs Random,Random,36,34
2,Random vs Random,Random,39,37
4,Random vs Random,Random,32,28
11,Random vs Random,Random,40,29
2,Random vs Random,Random,37,35
0,Random vs Random,No one,35,35
3,Random vs Random,Random,33,30
4,Random vs Random,Random,35,31
1,Random vs Random,Random,32,31
7,Random vs Random,Random,36,29
10,Random vs Random,Random,38,28
11,Random vs Random,Random,41,30
14,Random vs Random,Random,39,25
21,Random vs Random,Random,47,26
4,Random vs Random,Random,35,31
9,Random vs Random,Random,35,26
5,Random vs Random,Random,35,30
11,Random vs Random,Random,39,28
6,Random vs Random,Random,34,28
6,Random vs Random,Random,34,28
4,Random vs Random,Random,37,33
5,Random vs Random,Random,37,32
4,Random vs Random,Random,40,36
6,Random vs Random,Random,39,33
11,Random vs Random,Random,39,28
4,Random vs Random,Random,32,28
7,Random vs Random,Random,42,35
15,Random vs Random,Random,39,24
5,Random vs Random,Random,39,34
7,Random vs Random,Random,37,30
1,Random vs Random,Random,32,31
6,Random vs Random,Random,36,30
6,Random vs Random,Random,39,33
2,Random vs Random,Random,32,30
15,Random vs Random,Random,40,25
4,Random vs Random,Random,38,34
10,Random vs Random,Random,42,32
3,Random vs Random,Random,36,33
7,Random vs Random,Random,35,28
3,Random vs Random,Random,36,33
5,Random vs Random,Random,39,34
2,Random vs Random,Random,33,31
6,Random vs Random,Random,35,29
13,Random vs Random,Random,37,24
14,Random vs Random,Random,41,27
19,Random vs Random,Random,49,30
15,Random vs Random,Random,37,22
3,Random vs Random,Random,30,27
0,Random vs Random,No one,33,33
4,Random vs Random,Random,35,31
10,Random vs Random,Random,40,30
15,Random vs Random,Random,44,29
6,Random vs Random,Random,37,31
0,Random vs Random,No one,34,34
8,Random vs Random,Random,37,29
11,Random vs Random,Random,37,26
12,Random vs Random,Random,37,25
4,Random vs Random,Random,35,31
3,Random vs Random,Random,30,27
2,Random vs Random,Random,34,32
1,Random vs Random,Random,35,34
1,Random vs Random,Random,37,36
21,Random vs Random,Random,40,19
3,Random vs Random,Random,34,31
14,Random vs Random,Random,38,24
4,Random vs Random,Random,30,26
2,Random vs Random,Random,33,31
9,Random vs Random,Random,41,32
3,Random vs Random,Random,31,28
0,Random vs Random,No one,32,32
7,Random vs Random,Random,37,30
10,Random vs Random,Random,38,28
9,Random vs Random,Random,38,29
7,Random vs Random,Random,39,32
1,Random vs Random,Random,33,32
3,Random vs Random,Random,35,32
3,Random vs Random,Random,37,34
8,Random vs Random,Random,34,26
8,Random vs Random,Random,41,33
16,Random vs Random,Random,41,25
7,Random vs Random,Random,34,27
0,Random vs Random,No one,36,36
7,Random vs Random,Random,34,27
4,Random vs Random,Random,31,27
9,Random vs Random,Random,37,28
9,Random vs Random,Random,33,24
17,Random vs Random,Random,41,24
1,Random vs Random,Random,37,36
3,Random vs Random,Random,34,31
1,Random vs Random,Random,38,37
1,Random vs Random,Random,33,32
1,Random vs Random,Random,34,33
21,Random vs Random,Random,40,19
4,Random vs Random,Random,36,32
4,Random vs Random,Random,39,35
4,Random vs Random,Random,36,32
8,Random vs Random,Random,36,28
5,Random vs Random,Random,36,31
3,Random vs Random,Random,33,30
4,Random vs Random,Random,38,34
11,Random vs Random,Random,38,27
15,Random vs Random,Random,42,27
1,Random vs Random,Random,37,36
6,Random vs Random,Random,37,31
2,Random vs Random,Random,37,35
0,Random vs Random,No one,39,39
9,Random vs Random,Random,36,27
2,Random vs Random,Random,36,34
7,Random vs Random,Random,40,33
11,Random vs Random,Random,40,29
5,Random vs Random,Random,36,31
10,Random vs Random,Random,41,31
7,Random vs Random,Random,32,25
4,Random vs Random,Random,40,36
0,Random vs Random,No one,36,36
11,Random vs Random,Random,41,30
8,Random vs Random,Random,38,30
14,Random vs Random,Random,41,27
4,Random vs Random,Random,33,29
3,Random vs Random,Random,34,31
1,Random vs Random,Random,34,33
3,Random vs Random,Random,34,31
1,Random vs Random,Random,34,33
6,Random vs Random,Random,36,30
7,Random vs Random,Random,40,33
3,Random vs Random,Random,38,35
10,Random vs Random,Random,36,26
2,Random vs Random,Random,35,33
8,Random vs Random,Random,41,33
1,Random vs Random,Random,34,33
9,Random vs Random,Random,37,28
3,Random vs Random,Random,31,28
6,Random vs Random,Random,35,29
1,Random vs Random,Random,34,33
2,Random vs Random,Random,33,31
0,Random vs Random,No one,35,35
1,Random vs Random,Random,37,36
6,Random vs Random,Random,33,27
1,Random vs Random,Random,32,31
3,Random vs Random,Random,31,28
15,Random vs Random,Random,41,26
6,Random vs Random,Random,35,29
15,Random vs Random,Random,41,26
14,Random vs Random,Random,43,29
6,Random vs Random,Random,36,30
2,Random vs Random,Random,29,27
11,Random vs Random,Random,37,26
15,Random vs Random,Random,43,28
0,Random vs Random,No one,32,32
10,Random vs Random,Random,39,29
4,Random vs Random,Random,37,33
10,Random vs Random,Random,39,29
1,Random vs Random,Random,37,36
18,Random vs Random,Random,41,23
2,Random vs Random,Random,35,33
3,Random vs Random,Random,39,36
5,Random vs Random,Random,36,31
1,Random vs Random,Random,35,34
6,Random vs Random,Random,34,28
2,Random vs Random,Random,38,36
8,Random vs Random,Random,39,31
3,Random vs Random,Random,34,31
10,Random vs Random,Random,39,29
1,Random vs Random,Random,34,33
15,Random vs Random,Random,41,26
2,Random vs Random,Random,37,35
0,Random vs Random,No one,33,33
4,Random vs Random,Random,35,31
1,Random vs Random,Random,33,32
15,Random vs Random,Random,43,28
1,Random vs Random,Random,37,36
3,Random vs Random,Random,37,34
5,Random vs Random,Random,35,30
1,Random vs Random,Random,36,35
2,Random vs Random,Random,31,29
3,Random vs Random,Random,35,32
3,Random vs Random,Random,37,34
1,Random vs Random,Random,37,36
3,Random vs Random,Random,33,30
17,Random vs Random,Random,41,24
7,Random vs Random,Random,37,30
12,Random vs Random,Random,39,27
5,Random vs Random,Random,34,29
5,Random vs Random,Random,31,26
11,Random vs Random,Random,39,28
3,Random vs Random,Random,31,28
4,Random vs Random,Random,37,33
10,Random vs Random,Random,36,26
18,Random vs Random,Random,40,22
8,Random vs Random,Random,33,25
15,Random vs Random,Random,43,28
0,Random vs Random,No one,30,30
2,Random vs Random,Random,35,33
8,Random vs Random,Random,36,28
7,Random vs Random,Random,39,32
7,Random vs Random,Random,40,33
3,Random vs Random,Random,37,34
3,Random vs Random,Random,33,30
0,Random vs Random,No one,34,34
7,Random vs Random,Random,35,28
5,Random vs Random,Random,36,31
1,Random vs Random,Random,37,36
5,Random vs Random,Random,36,31
3,Random vs Random,Random,36,33
4,Random vs Random,Random,35,31
6,Random vs Random,Random,36,30
7,Random vs Random,Random,35,28
17,Random vs Random,Random,44,27
8,Random vs Random,Random,40,32
1,Random vs Random,Random,32,31
5,Random vs Random,Random,35,30
2,Random vs Random,Random,36,34
5,Random vs Random,Random,35,30
6,Random vs Random,Random,35,29
10,Random vs Random,Random,40,30
6,Random vs Random,Random,38,32
2,Random vs Random,Random,37,35
6,Random vs Random,Random,41,35
18,Random vs Random,Random,45,27
9,Random vs Random,Random,40,31
3,Random vs Random,Random,37,34
5,Random vs Random,Random,34,29
7,Random vs Random,Random,40,33
2,Random vs Random,Random,34,32
3,Random vs Random,Random,39,36
5,Random vs Random,Random,34,29
0,Random vs Random,No one,34,34
7,Random vs Random,Random,36,29
7,Random vs Random,Random,36,29
3,Random vs Random,Random,31,28
2,Random vs Random,Random,33,31
5,Random vs Random,Random,38,33
10,Random vs Random,Random,40,30
4,Random vs Random,Random,41,37
9,Random vs Random,Random,37,28
10,Random vs Random,Random,38,28
8,Random vs Random,Random,39,31
6,Random vs Random,Random,35,29
4,Random vs Random,Random,37,33
8,Random vs Random,Random,34,26
4,Random vs Random,Random,33,29
3,Random vs Random,Random,33,30
6,Random vs Random,Random,37,31
1,Random vs Random,Random,33,32
4,Random vs Random,Random,32,28
4,Random vs Random,Random,36,32
6,Random vs Random,Random,40,34
1,Random vs Random,Random,35,34
5,Random vs Random,Random,42,37
4,Random vs Random,Random,41,37
4,Random vs Random,Random,39,35
5,Random vs Random,Random,37,32
9,Random vs Random,Random,39,30
8,Random vs Random,Random,43,35
20,Random vs Random,Random,38,18
12,Random vs Random,Random,37,25
3,Random vs Random,Random,35,32
15,Random vs Random,Random,41,26
4,Random vs Random,Random,33,29
7,Random vs Random,Random,37,30
4,Random vs Random,Random,32,28
1,Random vs Random,Random,36,35
20,Random vs Random,Random,47,27
6,Random vs Random,Random,36,30
13,Random vs Random,Random,43,30
6,Random vs Random,Random,36,30
19,Random vs Random,Random,45,26
1,Random vs Random,Random,32,31
14,Random vs Random,Random,36,22
7,Random vs Random,Random,40,33
1,Random vs Random,Random,34,33
11,Random vs Random,Random,40,29
14,Random vs Random,Random,41,27
7,Random vs Random,Random,41,34
3,Random vs Random,Random,36,33
6,Random vs Random,Random,37,31
0,Random vs Random,No one,26,26
1,Random vs Random,Random,35,34
4,Random vs Random,Random,35,31
6,Random vs Random,Random,37,31
0,Random vs Random,No one,31,31
10,Random vs Random,Random,41,31
1,Random vs Random,Random,33,32
7,Random vs Random,Random,41,34
15,Random vs Random,Random,42,27
20,Random vs Random,Random,45,25
25,Random vs Random,Random,47,22
13,Random vs Random,Random,41,28
9,Random vs Random,Random,37,28
6,Random vs Random,Random,37,31
3,Random vs Random,Random,38,35
5,Random vs Random,Random,32,27
16,Random vs Random,Random,44,28
1,Random vs Random,Random,32,31
2,Random vs Random,Random,30,28
0,Random vs Random,No one,31,31
12,Random vs Random,Random,40,28
1,Random vs Random,Random,32,31
3,Random vs Random,Random,35,32
4,Random vs Random,Random,30,26
2,Random vs Random,Random,32,30
3,Random vs Random,Random,31,28
6,Random vs Random,Random,35,29
4,Random vs Random,Random,38,34
14,Random vs Random,Random,42,28
6,Random vs Random,Random,36,30
4,Random vs Random,Random,34,30
6,Random vs Random,Random,37,31
3,Random vs Random,Random,31,28
16,Random vs Random,Random,42,26
1,Random vs Random,Random,37,36
3,Random vs Random,Random,31,28
11,Random vs Random,Random,41,30
14,Random vs Random,Random,41,27
6,Random vs Random,Random,36,30
11,Random vs Random,Random,41,30
2,Random vs Random,Random,35,33
10,Random vs Random,Random,38,28
7,Random vs Random,Random,35,28
9,Random vs Random,Random,41,32
3,Random vs Random,Random,35,32
8,Random vs Random,Random,40,32
13,Random vs Random,Random,38,25
0,Random vs Random,No one,33,33
10,Random vs Random,Random,37,27
5,Random vs Random,Random,36,31
2,Random vs Random,Random,36,34
13,Random vs Random,Random,39,26
5,Random vs Random,Random,34,29
11,Random vs Random,Random,41,30
9,Random vs Random,Random,42,33
4,Random vs Random,Random,34,30
11,Random vs Random,Random,40,29
3,Random vs Random,Random,37,34
3,Random vs Random,Random,38,35
1,Random vs Random,Random,36,35
3,Random vs Random,Random,34,31
1,Random vs Random,Random,30,29
3,Random vs Random,Random,34,31
10,Random vs Random,Random,37,27
4,Random vs Random,Random,36,32
4,Random vs Random,Random,33,29
11,Random vs Random,Random,37,26
1,Random vs Random,Random,33,32
7,Random vs Random,Random,37,30
12,Random vs Random,Random,40,28
3,Random vs Random,Random,31,28
4,Random vs Random,Random,35,31
1,Random vs Random,Random,33,32
1,Random vs Random,Random,34,33
9,Random vs Random,Random,40,31
3,Random vs Random,Random,29,26
4,Random vs Random,Random,36,32
4,Random vs Random,Random,34,30
1,Random vs Random,Random,33,32
3,Random vs Random,Random,37,34
15,Random vs Random,Random,40,25
0,Random vs Random,No one,32,32
12,Random vs Random,Random,40,28
7,Random vs Random,Random,39,32
9,Random vs Random,Random,38,29
1,Random vs Random,Random,35,34
5,Random vs Random,Random,35,30
5,Random vs Random,Random,36,31
16,Random vs Random,Random,43,27
4,Random vs Random,Random,35,31
24,Random vs Random,Random,46,22
7,Random vs Random,Random,37,30
3,Random vs Random,Random,37,34
6,Random vs Random,Random,38,32
2,Random vs Random,Random,34,32
1,Random vs Random,Random,33,32
13,Random vs Random,Random,35,22
9,Random vs Random,Random,37,28
18,Random vs Random,Random,42,24
9,Random vs Random,Random,35,26
18,Random vs Random,Random,43,25
11,Random vs Random,Random,39,28
4,Random vs Random,Random,38,34
2,Random vs Random,Random,34,32
9,Random vs Random,Random,37,28
12,Random vs Random,Random,38,26
14,Random vs Random,Random,39,25
8,Random vs Random,Random,39,31
1,Random vs Random,Random,33,32
6,Random vs Random,Random,38,32
3,Random vs Random,Random,37,34
15,Random vs Random,Random,44,29
24,Random vs Random,Random,50,26
9,Random vs Random,Random,37,28
8,Random vs Random,Random,36,28
4,Random vs Random,Random,34,30
3,Random vs Random,Random,38,35
2,Random vs Random,Random,36,34
20,Random vs Random,Random,44,24
6,Random vs Random,Random,36,30
5,Random vs Random,Random,38,33
5,Random vs Random,Random,37,32
13,Random vs Random,Random,41,28
9,Random vs Random,Random,35,26
17,Random vs Random,Random,41,24
1,Random vs Random,Random,35,34
5,Random vs Random,Random,34,29
9,Random vs Random,Random,35,26
3,Random vs Random,Random,35,32
8,Random vs Random,Random,39,31
18,Random vs Random,Random,45,27
11,Random vs Random,Random,43,32
7,Random vs Random,Random,35,28
4,Random vs Random,Random,37,33
2,Random vs Random,Random,36,34
10,Random vs Random,Random,37,27
2,Random vs Random,Random,32,30
9,Random vs Random,Random,39,30
4,Random vs Random,Random,38,34
18,Random vs Random,Random,41,23
15,Random vs Random,Random,42,27
4,Random vs Random,Random,37,33
11,Random vs Random,Random,38,27
2,Random vs Random,Random,38,36
14,Random vs Random,Random,43,29
7,Random vs Random,Random,38,31
10,Random vs Random,Random,40,30
17,Random vs Random,Random,39,22
1,Random vs Random,Random,32,31
6,Random vs Random,Random,37,31
5,Random vs Random,Random,37,32
15,Random vs Random,Random,39,24
4,Random vs Random,Random,36,32
4,Random vs Random,Random,37,33
1,Random vs Random,Random,33,32
9,Random vs Random,Random,39,30
9,Random vs Random,Random,32,23
3,Random vs Random,Random,34,31
10,Random vs Random,Random,39,29
12,Random vs Random,Random,37,25
3,Random vs Random,Random,37,34
0,Random vs Random,No one,31,31
6,Random vs Random,Random,40,34
3,Random vs Random,Random,32,29
7,Random vs Random,Random,35,28
5,Random vs Random,Random,41,36
11,Random vs Random,Random,40,29
3,Random vs Random,Random,33,30
2,Random vs Random,Random,35,33
7,Random vs Random,Random,39,32
3,Random vs Random,Random,31,28
6,Random vs Random,Random,33,27
2,Random vs Random,Random,31,29
6,Random vs Random,Random,35,29
12,Random vs Random,Random,37,25
4,Random vs Random,Random,32,28
8,Random vs Random,Random,36,28
2,Random vs Random,Random,36,34
3,Random vs Random,Random,34,31
2,Random vs Random,Random,37,35
2,Random vs Random,Random,36,34
5,Random vs Random,Random,37,32
6,Random vs Random,Random,39,33
15,Random vs Random,Random,43,28
14,Random vs Random,Random,42,28
1,Random vs Random,Random,34,33
18,Random vs Random,Random,40,22
2,Random vs Random,Random,34,32
6,Random vs Random,Random,37,31
1,Random vs Random,Random,28,27
1,Random vs Random,Random,32,31
4,Random vs Random,Random,36,32
4,Random vs Random,Random,37,33
5,Random vs Random,Random,33,28
3,Random vs Random,Random,31,28
1,Random vs Random,Random,36,35
3,Random vs Random,Random,34,31
4,Random vs Random,Random,37,33
1,Random vs Random,Random,32,31
4,Random vs Random,Random,33,29
1,Random vs Random,Random,37,36
3,Random vs Random,Random,30,27
6,Random vs Random,Random,36,30
2,Random vs Random,Random,35,33
7,Random vs Random,Random,40,33
2,Random vs Random,Random,32,30
4,Random vs Random,Random,38,34
5,Random vs Random,Random,37,32
21,Random vs Random,Random,41,20
7,Random vs Random,Random,36,29
3,Random vs Random,Random,33,30
2,Random vs Random,Random,35,33
9,Random vs Random,Random,40,31
2,Random vs Random,Random,33,31
0,Random vs Random,No one,32,32
12,Random vs Random,Random,42,30
10,Random vs Random,Random,39,29
3,Random vs Random,Random,32,29
10,Random vs Random,Random,40,30
3,Random vs Random,Random,34,31
1,Random vs Random,Random,34,33
9,Random vs Random,Random,35,26
2,Random vs Random,Random,34,32
1,Random vs Random,Random,33,32
4,Random vs Random,Random,35,31
5,Random vs Random,Random,31,26
4,Random vs Random,Random,35,31
2,Random vs Random,Random,30,28
1,Random vs Random,Random,36,35
4,Random vs Random,Random,38,34
3,Random vs Random,Random,35,32
7,Random vs Random,Random,34,27
9,Random vs Random,Random,39,30
8,Random vs Random,Random,35,27
13,Random vs Random,Random,40,27
19,Random vs Random,Random,44,25
5,Random vs Random,Random,34,29
11,Random vs Random,Random,41,30
0,Random vs Random,No one,33,33
4,Random vs Random,Random,36,32
6,Random vs Random,Random,40,34
3,Random vs Random,Random,36,33
6,Random vs Random,Random,35,29
17,Random vs Random,Random,40,23
4,Random vs Random,Random,36,32
6,Random vs Random,Random,37,31
5,Random vs Random,Random,34,29
18,Random vs Random,Random,43,25
6,Random vs Random,Random,40,34
7,Random vs Random,Random,40,33
9,Random vs Random,Random,36,27
5,Random vs Random,Random,32,27
11,Random vs Random,Random,43,32
1,Random vs Random,Random,35,34
2,Random vs Random,Random,32,30
2,Random vs Random,Random,34,32
8,Random vs Random,Random,39,31
16,Random vs Random,Random,47,31
1,Random vs Random,Random,35,34
9,Random vs Random,Random,39,30
7,Random vs Random,Random,38,31
6,Random vs Random,Random,38,32
10,Random vs Random,Random,40,30
8,Random vs Random,Random,39,31
10,Random vs Random,Random,39,29
4,Random vs Random,Random,32,28
8,Random vs Random,Random,37,29
0,Random vs Random,No one,32,32
7,Random vs Random,Random,35,28
11,Random vs Random,Random,39,28
3,Random vs Random,Random,35,32
1,Random vs Random,Random,35,34
2,Random vs Random,Random,35,33
5,Random vs Random,Random,35,30
5,Random vs Random,Random,38,33
1,Random vs Random,Random,35,34
1,Random vs Random,Random,33,32
1,Random vs Random,Random,37,36
15,Random vs Random,Random,41,26
29,Random vs Random,Random,47,18
5,Random vs Random,Random,35,30
1,Random vs Random,Random,37,36
8,Random vs Random,Random,38,30
7,Random vs Random,Random,34,27
4,Random vs Random,Random,37,33
7,Random vs Random,Random,37,30
6,Random vs Random,Random,41,35
3,Random vs Random,Random,34,31
3,Random vs Random,Random,31,28
9,Random vs Random,Random,36,27
11,Random vs Random,Random,40,29
5,Random vs Random,Random,35,30
5,Random vs Random,Random,37,32
3,Random vs Random,Random,35,32
10,Random vs Random,Random,42,32
3,Random vs Random,Random,31,28
4,Random vs Random,Random,34,30
8,Random vs Random,Random,33,25
0,Random vs Random,No one,31,31
3,Random vs Random,Random,36,33
5,Random vs Random,Random,38,33
3,Random vs Random,Random,34,31
2,Random vs Random,Random,35,33
7,Random vs Random,Random,41,34
0,Random vs Random,No one,36,36
7,Random vs Random,Random,38,31
5,Random vs Random,Random,34,29
5,Random vs Random,Random,36,31
1,Random vs Random,Random,35,34
2,Random vs Random,Random,35,33
1,Random vs Random,Random,31,30
2,Random vs Random,Random,28,26
6,Random vs Random,Random,35,29
8,Random vs Random,Random,43,35
6,Random vs Random,Random,34,28
6,Random vs Random,Random,34,28
5,Random vs Random,Random,38,33
5,Random vs Random,Random,35,30
14,Random vs Random,Random,43,29
10,Random vs Random,Random,34,24
9,Random vs Random,Random,38,29
5,Random vs Random,Random,36,31
2,Random vs Random,Random,34,32
4,Random vs Random,Random,33,29
17,Random vs Random,Random,40,23
12,Random vs Random,Random,38,26
3,Random vs Random,Random,34,31
0,Random vs Random,No one,33,33
5,Random vs Random,Random,38,33
1,Random vs Random,Random,33,32
14,Random vs Random,Random,42,28
2,Random vs Random,Random,36,34
1,Random vs Random,Random,39,38
10,Random vs Random,Random,39,29
7,Random vs Random,Random,34,27
0,Random vs Random,No one,35,35
6,Random vs Random,Random,35,29
10,Random vs Random,Random,37,27
6,Random vs Random,Random,34,28
2,Random vs Random,Random,34,32
11,Random vs Random,Random,43,32
20,Random vs Random,Random,45,25
16,Random vs Random,Random,42,26
14,Random vs Random,Random,43,29
9,Random vs Random,Random,38,29
16,Random vs Random,Random,41,25
7,Random vs Random,Random,38,31
0,Random vs Random,No one,33,33
6,Random vs Random,Random,39,33
4,Random vs Random,Random,36,32
6,Random vs Random,Random,41,35
15,Random vs Random,Random,40,25
19,Random vs Random,Random,44,25
3,Random vs Random,Random,34,31
4,Random vs Random,Random,36,32
2,Random vs Random,Random,31,29
11,Random vs Random,Random,35,24
6,Random vs Random,Random,38,32
10,Random vs Random,Random,38,28
21,Random vs Random,Random,39,18
24,Random vs Random,Random,45,21
5,Random vs Random,Random,35,30
0,Random vs Random,No one,31,31
8,Random vs Random,Random,39,31
9,Random vs Random,Random,36,27
3,Random vs Random,Random,36,33
4,Random vs Random,Random,34,30
9,Random vs Random,Random,36,27
14,Random vs Random,Random,43,29
1,Random vs Random,Random,39,38
2,Random vs Random,Random,34,32
13,Random vs Random,Random,41,28
6,Random vs Random,Random,35,29
10,Random vs Random,Random,35,25
1,Random vs Random,Random,37,36
1,Random vs Random,Random,28,27
6,Random vs Random,Random,34,28
3,Random vs Random,Random,35,32
3,Random vs Random,Random,37,34
8,Random vs Random,Random,41,33
9,Random vs Random,Random,33,24
4,Random vs Random,Random,31,27
2,Random vs Random,Random,35,33
6,Random vs Random,Random,39,33
15,Random vs Random,Random,46,31
8,Random vs Random,Random,41,33
7,Random vs Random,Random,42,35
7,Random vs Random,Random,34,27
3,Random vs Random,Random,36,33
6,Random vs Random,Random,33,27
1,Random vs Random,Random,33,32
3,Random vs Random,Random,35,32
11,Random vs Random,Random,34,23
8,Random vs Random,Random,39,31
14,Random vs Random,Random,42,28
5,Random vs Random,Random,38,33
4,Random vs Random,Random,36,32
2,Random vs Random,Random,33,31
15,Random vs Random,Random,40,25
9,Random vs Random,Random,34,25
25,Random vs Random,Random,44,19
14,Random vs Random,Random,39,25
4,Random vs Random,Random,38,34
10,Random vs Random,Random,41,31
3,Random vs Random,Random,30,27
1,Random vs Random,Random,35,34
14,Random vs Random,Random,43,29
2,Random vs Random,Random,37,35
6,Random vs Random,Random,40,34
2,Random vs Random,Random,33,31
8,Random vs Random,Random,39,31
12,Random vs Random,Random,40,28
11,Random vs Random,Random,40,29
9,Random vs Random,Random,38,29
9,Random vs Random,Random,39,30
3,Random vs Random,Random,35,32
2,Random vs Random,Random,33,31
1,Random vs Random,Random,31,30
10,Random vs Random,Random,39,29
18,Random vs Random,Random,40,22
6,Random vs Random,Random,37,31
0,Random vs Random,No one,33,33
16,Random vs Random,Random,43,27
4,Random vs Random,Random,33,29
2,Random vs Random,Random,34,32
2,Random vs Random,Random,35,33
2,Random vs Random,Random,34,32
5,Random vs Random,Random,37,32
7,Random vs Random,Random,41,34
5,Random vs Random,Random,38,33
8,Random vs Random,Random,39,31
4,Random vs Random,Random,37,33
4,Random vs Random,Random,37,33
10,Random vs Random,Random,39,29
2,Random vs Random,Random,37,35
7,Random vs Random,Random,38,31
6,Random vs Random,Random,36,30
16,Random vs Random,Random,39,23
2,Random vs Random,Random,33,31
7,Random vs Random,Random,37,30
0,Random vs Random,No one,36,36
4,Random vs Random,Random,35,31
15,Random vs Random,Random,41,26
2,Random vs Random,Random,37,35
2,Random vs Random,Random,34,32
11,Random vs Random,Random,35,24
12,Random vs Random,Random,40,28
17,Random vs Random,Random,45,28
6,Random vs Random,Random,35,29
6,Random vs Random,Random,36,30
14,Random vs Random,Random,40,26
3,Random vs Random,Random,34,31
12,Random vs Random,Random,36,24
2,Random vs Random,Random,34,32
5,Random vs Random,Random,35,30
8,Random vs Random,Random,37,29
0,Random vs Random,No one,35,35
2,Random vs Random,Random,35,33
5,Random vs Random,Random,35,30
9,Random vs Random,Random,37,28
6,Random vs Random,Random,34,28
6,Random vs Random,Random,33,27
5,Random vs Random,Random,33,28
5,Random vs Random,Random,33,28
3,Random vs Random,Random,36,33
0,Random vs Random,No one,34,34
3,Random vs Random,Random,35,32
3,Random vs Random,Random,38,35
0,Random vs Random,No one,31,31
4,Random vs Random,Random,36,32
9,Random vs Random,Random,38,29
8,Random vs Random,Random,37,29
6,Random vs Random,Random,37,31
0,Random vs Random,No one,36,36
0,Random vs Random,No one,33,33
14,Random vs Random,Random,42,28
6,Random vs Random,Random,38,32
3,Random vs Random,Random,35,32
6,Random vs Random,Random,32,26
12,Random vs Random,Random,43,31
0,Random vs Random,No one,33,33
5,Random vs Random,Random,35,30
11,Random vs Random,Random,37,26
5,Human vs Beginner,Human,37,32
24,Human vs Beginner,Human,49,25
8,Human vs Beginner,Human,41,33
13,Human vs Beginner,Human,42,29
15,Human vs Beginner,Human,42,27
9,Human vs Beginner,Human,42,33
11,Human vs Beginner,Human,42,31
14,Human vs Beginner,Human,43,29
18,Human vs Beginner,Human,44,26
31,Human vs Beginner,Human,51,20
14,Human vs Beginner,Human,41,27
19,Human vs Beginner,Human,46,27
20,Human vs Beginner,Human,49,29
19,Human vs Beginner,Human,46,27
20,Human vs Beginner,Human,45,25
13,Human vs Beginner,Human,40,27
24,Human vs Beginner,Human,48,24
25,Human vs Beginner,Human,49,24
8,Human vs Beginner,Human,37,29
7,Human vs Beginner,Human,38,31
13,Human vs Beginner,Human,40,27
6,Human vs Beginner,Human,38,32
4,Human vs Beginner,Human,37,33
5,Human vs Beginner,Human,39,34
19,Human vs Beginner,Human,46,27
20,Human vs Beginner,Human,45,25
9,Human vs Beginner,Human,38,29
20,Human vs Beginner,Human,44,24
9,Human vs Beginner,Human,38,29
9,Human vs Beginner,Human,39,30
19,Human vs Beginner,Human,46,27
11,Human vs Beginner,Human,41,30
3,Human vs Beginner,Human,34,31
22,Human vs Beginner,Human,50,28
11,Human vs Beginner,Human,39,28
10,Human vs Beginner,Human,39,29
12,Human vs Beginner,Human,40,28
7,Human vs Beginner,Human,37,30
15,Human vs Beginner,Human,41,26
2,Human vs Beginner,Beginner,36,34
9,Human vs Beginner,Human,41,32
2,Human vs Beginner,Human,34,32
7,Human vs Beginner,Human,38,31
6,Human vs Beginner,Human,37,31
8,Human vs Beginner,Human,39,31
24,Human vs Beginner,Human,49,25
17,Human vs Beginner,Human,46,29
15,Human vs Beginner,Human,41,26
20,Human vs Beginner,Human,45,25
13,Human vs Beginner,Human,42,29
18,Human vs Beginner,Human,47,29
9,Human vs Beginner,Human,43,34
17,Human vs Beginner,Human,45,28
0,Human vs Beginner,No one,35,35
12,Human vs Beginner,Human,42,30
15,Human vs Beginner,Human,42,27
17,Human vs Beginner,Human,43,26
12,Human vs Beginner,Human,42,30
13,Human vs Beginner,Human,47,34
13,Human vs Beginner,Human,43,30
25,Human vs Beginner,Human,50,25
10,Human vs Beginner,Human,43,33
13,Human vs Beginner,Human,44,31
24,Human vs Beginner,Human,48,24
11,Human vs Beginner,Human,41,30
1,Human vs Beginner,Human,34,33
10,Human vs Beginner,Human,41,31
11,Human vs Beginner,Human,38,27
23,Human vs Beginner,Human,49,26
16,Human vs Beginner,Human,46,30
13,Human vs Beginner,Human,44,31
4,Human vs Beginner,Human,38,34
6,Human vs Beginner,Human,40,34
28,Human vs Beginner,Human,50,22
16,Human vs Beginner,Human,44,28
2,Human vs Beginner,Human,34,32
9,Human vs Beginner,Human,38,29
6,Human vs Beginner,Human,41,35
5,Human vs Beginner,Human,40,35
19,Human vs Beginner,Human,47,28
9,Human vs Beginner,Human,41,32
9,Human vs Beginner,Human,38,29
16,Human vs Beginner,Human,46,30
18,Human vs Beginner,Human,45,27
18,Human vs Beginner,Human,46,28
11,Human vs Beginner,Human,43,32
9,Human vs Beginner,Human,40,31
11,Human vs Beginner,Human,37,26
13,Human vs Beginner,Human,42,29
24,Human vs Beginner,Human,46,22
13,Human vs Beginner,Human,42,29
20,Human vs Beginner,Human,43,23
8,Human vs Beginner,Human,40,32
7,Human vs Beginner,Human,39,32
13,Human vs Beginner,Human,41,28
5,Human vs Beginner,Human,36,31
15,Human vs Beginner,Human,47,32
7,Human vs Beginner,Human,38,31
0,Human vs Beginner,No one,34,34
11,Human vs Beginner,Human,40,29
13,Human vs Beginner,Human,43,30
3,Human vs Beginner,Human,36,33
9,Human vs Beginner,Human,39,30
0,Human vs Beginner,No one,37,37
9,Human vs Beginner,Human,41,32
9,Human vs Beginner,Human,41,32
2,Human vs Beginner,Human,35,33
19,Human vs Beginner,Human,47,28
17,Human vs Beginner,Human,44,27
15,Human vs Beginner,Human,44,29
7,Human vs Beginner,Human,37,30
13,Human vs Beginner,Human,40,27
12,Human vs Beginner,Human,41,29
16,Human vs Beginner,Human,41,25
12,Human vs Beginner,Human,40,28
7,Human vs Beginner,Human,38,31
5,Human vs Beginner,Human,38,33
13,Human vs Beginner,Human,41,28
1,Human vs Beginner,Human,34,33
15,Human vs Beginner,Human,44,29
13,Human vs Beginner,Human,40,27
11,Human vs Beginner,Human,41,30
18,Human vs Beginner,Human,42,24
0,Human vs Beginner,No one,36,36
8,Human vs Beginner,Human,40,32
0,Human vs Beginner,No one,36,36
2,Human vs Beginner,Beginner,37,35
20,Human vs Beginner,Human,47,27
18,Human vs Beginner,Human,46,28
3,Human vs Beginner,Human,37,34
8,Human vs Beginner,Human,40,32
13,Human vs Beginner,Human,43,30
9,Human vs Beginner,Human,40,31
17,Human vs Beginner,Human,45,28
21,Human vs Beginner,Human,49,28
8,Human vs Beginner,Human,39,31
21,Human vs Beginner,Human,46,25
6,Human vs Beginner,Human,39,33
7,Human vs Beginner,Human,37,30
16,Human vs Beginner,Human,46,30
1,Human vs Beginner,Human,34,33
24,Human vs Beginner,Human,50,26
18,Human vs Beginner,Human,44,26
11,Human vs Beginner,Human,41,30
24,Human vs Beginner,Human,46,22
5,Human vs Beginner,Human,37,32
18,Human vs Beginner,Human,46,28
13,Human vs Beginner,Human,41,28
22,Human vs Beginner,Human,47,25
11,Human vs Beginner,Human,42,31
8,Human vs Beginner,Human,38,30
13,Human vs Beginner,Human,43,30
15,Human vs Beginner,Human,44,29
15,Human vs Beginner,Human,41,26
7,Human vs Beginner,Human,36,29
9,Human vs Beginner,Human,40,31
23,Human vs Beginner,Human,48,25
17,Human vs Beginner,Human,43,26
11,Human vs Beginner,Human,40,29
7,Human vs Beginner,Beginner,41,34
19,Human vs Beginner,Human,47,28
10,Human vs Beginner,Human,40,30
19,Human vs Beginner,Human,45,26
16,Human vs Beginner,Human,44,28
18,Human vs Beginner,Human,44,26
19,Human vs Beginner,Human,46,27
17,Human vs Beginner,Human,45,28
24,Human vs Beginner,Human,50,26
8,Human vs Beginner,Human,38,30
21,Human vs Beginner,Human,45,24
19,Human vs Beginner,Human,48,29
16,Human vs Beginner,Human,44,28
3,Human vs Beginner,Human,39,36
24,Human vs Beginner,Human,52,28
19,Human vs Beginner,Human,44,25
17,Human vs Beginner,Human,47,30
14,Human vs Beginner,Human,45,31
24,Human vs Beginner,Human,49,25
14,Human vs Beginner,Human,41,27
17,Human vs Beginner,Human,44,27
22,Human vs Beginner,Human,50,28
6,Human vs Beginner,Human,37,31
12,Human vs Beginner,Human,44,32
2,Human vs Beginner,Human,35,33
6,Human vs Beginner,Human,34,28
21,Human vs Beginner,Human,46,25
16,Human vs Beginner,Human,42,26
19,Human vs Beginner,Human,48,29
1,Human vs Beginner,Human,37,36
17,Human vs Beginner,Human,43,26
3,Human vs Beginner,Human,37,34
5,Human vs Beginner,Human,37,32
6,Human vs Beginner,Human,37,31
13,Human vs Beginner,Human,43,30
11,Human vs Beginner,Human,42,31
3,Human vs Beginner,Human,36,33
12,Human vs Beginner,Human,40,28
13,Human vs Beginner,Human,42,29
8,Human vs Beginner,Human,40,32
17,Human vs Beginner,Human,46,29
7,Human vs Beginner,Human,39,32
15,Human vs Beginner,Human,42,27
8,Human vs Beginner,Human,40,32
3,Human vs Beginner,Human,36,33
4,Human vs Beginner,Human,34,30
10,Human vs Beginner,Human,39,29
6,Human vs Beginner,Human,37,31
18,Human vs Beginner,Human,45,27
6,Human vs Beginner,Human,38,32
0,Human vs Beginner,No one,37,37
8,Human vs Beginner,Human,39,31
19,Human vs Beginner,Human,46,27
16,Human vs Beginner,Human,44,28
2,Human vs Beginner,Human,40,38
7,Human vs Beginner,Human,37,30
12,Human vs Beginner,Human,43,31
4,Human vs Beginner,Human,38,34
9,Human vs Beginner,Human,41,32
19,Human vs Beginner,Human,46,27
17,Human vs Beginner,Human,48,31
17,Human vs Beginner,Human,45,28
19,Human vs Beginner,Human,46,27
22,Human vs Beginner,Human,50,28
3,Human vs Beginner,Human,37,34
1,Human vs Beginner,Human,34,33
12,Human vs Beginner,Human,42,30
22,Human vs Beginner,Human,44,22
14,Human vs Beginner,Human,42,28
3,Human vs Beginner,Human,35,32
16,Human vs Beginner,Human,46,30
30,Human vs Beginner,Human,52,22
15,Human vs Beginner,Human,43,28
15,Human vs Beginner,Human,44,29
22,Human vs Beginner,Human,47,25
9,Human vs Beginner,Human,39,30
14,Human vs Beginner,Human,41,27
29,Human vs Beginner,Human,48,19
9,Human vs Beginner,Human,38,29
10,Human vs Beginner,Human,42,32
12,Human vs Beginner,Human,43,31
7,Human vs Beginner,Human,40,33
13,Human vs Beginner,Human,42,29
21,Human vs Beginner,Human,49,28
25,Human vs Beginner,Human,50,25
8,Human vs Beginner,Human,38,30
19,Human vs Beginner,Human,45,26
9,Human vs Beginner,Human,40,31
9,Human vs Beginner,Human,40,31
11,Human vs Beginner,Human,40,29
18,Human vs Beginner,Human,46,28
15,Human vs Beginner,Human,42,27
8,Human vs Beginner,Human,38,30
11,Human vs Beginner,Human,39,28
3,Human vs Beginner,Human,39,36
20,Human vs Beginner,Human,47,27
5,Human vs Beginner,Human,37,32
16,Human vs Beginner,Human,44,28
20,Human vs Beginner,Human,46,26
10,Human vs Beginner,Human,41,31
15,Human vs Beginner,Human,42,27
18,Human vs Beginner,Human,47,29
10,Human vs Beginner,Human,39,29
11,Human vs Beginner,Human,38,27
8,Human vs Beginner,Human,40,32
23,Human vs Beginner,Human,49,26
16,Human vs Beginner,Human,40,24
18,Human vs Beginner,Human,49,31
21,Human vs Beginner,Human,49,28
23,Human vs Beginner,Human,47,24
17,Human vs Beginner,Human,42,25
16,Human vs Beginner,Human,45,29
7,Human vs Beginner,Human,37,30
12,Human vs Beginner,Human,42,30
11,Human vs Beginner,Human,44,33
20,Human vs Beginner,Human,47,27
2,Human vs Beginner,Human,34,32
23,Human vs Beginner,Human,49,26
12,Human vs Beginner,Human,42,30
9,Human vs Beginner,Human,39,30
14,Human vs Beginner,Human,43,29
9,Human vs Beginner,Human,37,28
22,Human vs Beginner,Human,47,25
5,Human vs Beginner,Human,37,32
5,Human vs Beginner,Human,38,33
6,Human vs Beginner,Human,38,32
26,Human vs Beginner,Human,50,24
10,Human vs Beginner,Human,38,28
4,Human vs Beginner,Human,36,32
10,Human vs Beginner,Human,41,31
13,Human vs Beginner,Human,43,30
15,Human vs Beginner,Human,42,27
19,Human vs Beginner,Human,43,24
15,Human vs Beginner,Human,43,28
8,Human vs Beginner,Human,38,30
6,Human vs Beginner,Human,38,32
11,Human vs Beginner,Human,43,32
17,Human vs Beginner,Human,44,27
13,Human vs Beginner,Human,44,31
7,Human vs Beginner,Human,36,29
5,Human vs Beginner,Human,38,33
9,Human vs Beginner,Human,39,30
16,Human vs Beginner,Human,45,29
16,Human vs Beginner,Human,43,27
17,Human vs Beginner,Human,42,25
9,Human vs Beginner,Human,41,32
15,Human vs Beginner,Human,44,29
13,Human vs Beginner,Human,42,29
12,Human vs Beginner,Human,41,29
10,Human vs Beginner,Human,41,31
21,Human vs Beginner,Human,47,26
8,Human vs Beginner,Human,38,30
6,Human vs Beginner,Human,37,31
13,Human vs Beginner,Human,44,31
12,Human vs Beginner,Human,40,28
3,Human vs Beginner,Human,34,31
11,Human vs Beginner,Human,42,31
13,Human vs Beginner,Human,41,28
19,Human vs Beginner,Human,42,23
17,Human vs Beginner,Human,42,25
9,Human vs Beginner,Human,38,29
10,Human vs Beginner,Human,41,31
19,Human vs Beginner,Human,47,28
20,Human vs Beginner,Human,47,27
6,Human vs Beginner,Human,37,31
21,Human vs Beginner,Human,47,26
2,Human vs Beginner,Human,37,35
2,Human vs Beginner,Human,37,35
14,Human vs Beginner,Human,45,31
21,Human vs Beginner,Human,48,27
11,Human vs Beginner,Human,40,29
18,Human vs Beginner,Human,46,28
2,Human vs Beginner,Human,39,37
12,Human vs Beginner,Human,43,31
10,Human vs Beginner,Human,39,29
12,Human vs Beginner,Human,41,29
4,Human vs Beginner,Human,37,33
12,Human vs Beginner,Human,41,29
8,Human vs Beginner,Human,41,33
9,Human vs Beginner,Human,41,32
12,Human vs Beginner,Human,39,27
26,Human vs Beginner,Human,50,24
2,Human vs Beginner,Human,32,30
19,Human vs Beginner,Human,46,27
18,Human vs Beginner,Human,46,28
19,Human vs Beginner,Human,43,24
15,Human vs Beginner,Human,45,30
9,Human vs Beginner,Human,38,29
12,Human vs Beginner,Human,42,30
15,Human vs Beginner,Human,43,28
2,Human vs Beginner,Human,34,32
16,Human vs Beginner,Human,42,26
4,Human vs Beginner,Human,35,31
17,Human vs Beginner,Human,45,28
17,Human vs Beginner,Human,44,27
22,Human vs Beginner,Human,47,25
11,Human vs Beginner,Human,40,29
13,Human vs Beginner,Human,41,28
10,Human vs Beginner,Human,38,28
11,Human vs Beginner,Human,40,29
14,Human vs Beginner,Human,42,28
11,Human vs Beginner,Human,39,28
5,Human vs Beginner,Human,39,34
10,Human vs Beginner,Human,39,29
7,Human vs Beginner,Human,40,33
14,Human vs Beginner,Human,43,29
2,Human vs Beginner,Human,35,33
7,Human vs Beginner,Human,38,31
11,Human vs Beginner,Human,41,30
23,Human vs Beginner,Human,47,24
7,Human vs Beginner,Human,37,30
19,Human vs Beginner,Human,47,28
7,Human vs Beginner,Human,40,33
19,Human vs Beginner,Human,44,25
4,Human vs Beginner,Human,36,32
9,Human vs Beginner,Human,42,33
19,Human vs Beginner,Human,47,28
23,Human vs Beginner,Human,48,25
18,Human vs Beginner,Human,46,28
19,Human vs Beginner,Human,46,27
16,Human vs Beginner,Human,44,28
19,Human vs Beginner,Human,48,29
17,Human vs Beginner,Human,43,26
21,Human vs Beginner,Human,46,25
7,Human vs Beginner,Human,41,34
15,Human vs Beginner,Human,43,28
15,Human vs Beginner,Human,45,30
19,Human vs Beginner,Human,47,28
8,Human vs Beginner,Human,40,32
12,Human vs Beginner,Human,41,29
8,Human vs Beginner,Human,39,31
4,Human vs Beginner,Human,35,31
18,Human vs Beginner,Human,43,25
4,Human vs Beginner,Human,36,32
10,Human vs Beginner,Human,41,31
2,Human vs Beginner,Human,35,33
9,Human vs Beginner,Human,39,30
10,Human vs Beginner,Human,40,30
6,Human vs Beginner,Human,37,31
12,Human vs Beginner,Human,42,30
1,Human vs Beginner,Beginner,37,36
8,Human vs Beginner,Human,40,32
4,Human vs Beginner,Human,37,33
17,Human vs Beginner,Human,44,27
13,Human vs Beginner,Human,43,30
12,Human vs Beginner,Human,41,29
24,Human vs Beginner,Human,48,24
9,Human vs Beginner,Human,40,31
19,Human vs Beginner,Human,47,28
8,Human vs Beginner,Human,40,32
14,Human vs Beginner,Human,43,29
13,Human vs Beginner,Human,43,30
11,Human vs Beginner,Human,42,31
19,Human vs Beginner,Human,45,26
19,Human vs Beginner,Human,45,26
22,Human vs Beginner,Human,46,24
15,Human vs Beginner,Human,45,30
14,Human vs Beginner,Human,45,31
6,Human vs Beginner,Human,39,33
27,Human vs Beginner,Human,51,24
10,Human vs Beginner,Human,40,30
8,Human vs Beginner,Human,43,35
1,Human vs Beginner,Human,35,34
11,Human vs Beginner,Human,40,29
15,Human vs Beginner,Human,44,29
8,Human vs Beginner,Human,39,31
17,Human vs Beginner,Human,44,27
10,Human vs Beginner,Human,40,30
10,Human vs Beginner,Human,41,31
17,Human vs Beginner,Human,42,25
17,Human vs Beginner,Human,46,29
14,Human vs Beginner,Human,42,28
5,Human vs Beginner,Human,38,33
26,Human vs Beginner,Human,47,21
10,Human vs Beginner,Human,41,31
16,Human vs Beginner,Human,45,29
19,Human vs Beginner,Human,42,23
9,Human vs Beginner,Human,40,31
17,Human vs Beginner,Human,44,27
4,Human vs Beginner,Human,36,32
8,Human vs Beginner,Human,39,31
6,Human vs Beginner,Human,36,30
5,Human vs Beginner,Human,36,31
7,Human vs Beginner,Human,39,32
13,Human vs Beginner,Human,41,28
14,Human vs Beginner,Human,45,31
19,Human vs Beginner,Human,47,28
20,Human vs Beginner,Human,43,23
13,Human vs Beginner,Human,41,28
14,Human vs Beginner,Human,43,29
12,Human vs Beginner,Human,41,29
19,Human vs Beginner,Human,47,28
6,Human vs Beginner,Human,40,34
13,Human vs Beginner,Human,39,26
17,Human vs Beginner,Human,43,26
15,Human vs Beginner,Human,41,26
20,Human vs Beginner,Human,47,27
22,Human vs Beginner,Human,50,28
8,Human vs Beginner,Human,39,31
5,Human vs Beginner,Human,39,34
14,Human vs Beginner,Human,42,28
16,Human vs Beginner,Human,43,27
2,Human vs Beginner,Human,34,32
17,Human vs Beginner,Human,44,27
10,Human vs Beginner,Human,40,30
15,Human vs Beginner,Human,42,27
8,Human vs Beginner,Human,40,32
17,Human vs Beginner,Human,46,29
19,Human vs Beginner,Human,44,25
15,Human vs Beginner,Human,43,28
28,Human vs Beginner,Human,47,19
15,Human vs Beginner,Human,43,28
5,Human vs Beginner,Human,37,32
19,Human vs Beginner,Human,42,23
24,Human vs Beginner,Human,47,23
11,Human vs Beginner,Human,41,30
19,Human vs Beginner,Human,46,27
8,Human vs Beginner,Human,40,32
23,Human vs Beginner,Human,48,25
4,Human vs Beginner,Human,37,33
20,Human vs Beginner,Human,45,25
25,Human vs Beginner,Human,47,22
7,Human vs Beginner,Human,37,30
23,Human vs Beginner,Human,51,28
24,Human vs Beginner,Human,48,24
5,Human vs Beginner,Human,38,33
19,Human vs Beginner,Human,45,26
15,Human vs Beginner,Human,45,30
21,Human vs Beginner,Human,46,25
13,Human vs Beginner,Human,39,26
1,Human vs Beginner,Human,33,32
16,Human vs Beginner,Human,43,27
4,Human vs Beginner,Human,36,32
15,Human vs Beginner,Human,43,28
9,Human vs Beginner,Human,39,30
17,Human vs Beginner,Human,45,28
11,Human vs Beginner,Human,39,28
17,Human vs Beginner,Human,44,27
4,Human vs Beginner,Beginner,35,31
10,Human vs Beginner,Human,41,31
15,Human vs Beginner,Human,45,30
7,Human vs Beginner,Human,39,32
9,Human vs Beginner,Human,42,33
6,Human vs Beginner,Human,36,30
22,Human vs Beginner,Human,47,25
13,Human vs Beginner,Human,45,32
1,Human vs Beginner,Human,33,32
11,Human vs Beginner,Human,41,30
9,Human vs Beginner,Human,41,32
6,Human vs Beginner,Human,37,31
16,Human vs Beginner,Human,42,26
13,Human vs Beginner,Human,42,29
14,Human vs Beginner,Human,41,27
17,Human vs Beginner,Human,44,27
17,Human vs Beginner,Human,44,27
4,Human vs Beginner,Human,37,33
8,Human vs Beginner,Human,40,32
2,Human vs Beginner,Human,33,31
12,Human vs Beginner,Human,41,29
16,Human vs Beginner,Human,42,26
12,Human vs Beginner,Human,42,30
23,Human vs Beginner,Human,48,25
20,Human vs Beginner,Human,46,26
7,Human vs Beginner,Human,37,30
4,Human vs Beginner,Human,39,35
19,Human vs Beginner,Human,49,30
14,Human vs Beginner,Human,47,33
15,Human vs Beginner,Human,42,27
5,Human vs Beginner,Human,38,33
19,Human vs Beginner,Human,46,27
16,Human vs Beginner,Human,42,26
7,Human vs Beginner,Human,37,30
9,Human vs Beginner,Human,38,29
14,Human vs Beginner,Human,42,28
16,Human vs Beginner,Human,42,26
3,Human vs Beginner,Human,38,35
17,Human vs Beginner,Human,44,27
28,Human vs Beginner,Human,52,24
19,Human vs Beginner,Human,46,27
27,Human vs Beginner,Human,51,24
15,Human vs Beginner,Human,44,29
11,Human vs Beginner,Human,42,31
8,Human vs Beginner,Human,38,30
11,Human vs Beginner,Human,41,30
8,Human vs Beginner,Human,40,32
28,Human vs Beginner,Human,52,24
6,Human vs Beginner,Human,36,30
15,Human vs Beginner,Human,45,30
11,Human vs Beginner,Human,41,30
15,Human vs Beginner,Human,44,29
18,Human vs Beginner,Human,43,25
11,Human vs Beginner,Human,39,28
33,Human vs Beginner,Human,55,22
1,Human vs Beginner,Human,35,34
22,Human vs Beginner,Human,49,27
17,Human vs Beginner,Human,44,27
8,Human vs Beginner,Human,39,31
8,Human vs Beginner,Human,38,30
17,Human vs Beginner,Human,47,30
2,Human vs Beginner,Beginner,35,33
14,Human vs Beginner,Human,43,29
10,Human vs Beginner,Human,41,31
12,Human vs Beginner,Human,42,30
20,Human vs Beginner,Human,47,27
6,Human vs Beginner,Human,39,33
20,Human vs Beginner,Human,45,25
17,Human vs Beginner,Human,44,27
9,Human vs Beginner,Human,42,33
17,Human vs Beginner,Human,46,29
11,Human vs Beginner,Human,41,30
17,Human vs Beginner,Human,45,28
5,Human vs Beginner,Human,36,31
20,Human vs Beginner,Human,46,26
19,Human vs Beginner,Human,48,29
11,Human vs Beginner,Human,41,30
19,Human vs Beginner,Human,44,25
10,Human vs Beginner,Human,39,29
10,Human vs Beginner,Human,40,30
28,Human vs Beginner,Human,51,23
13,Human vs Beginner,Human,43,30
1,Human vs Beginner,Beginner,35,34
18,Human vs Beginner,Human,44,26
24,Human vs Beginner,Human,53,29
13,Human vs Beginner,Human,46,33
16,Human vs Beginner,Human,43,27
5,Human vs Beginner,Human,38,33
19,Human vs Beginner,Human,43,24
5,Human vs Beginner,Human,39,34
16,Human vs Beginner,Human,41,25
14,Human vs Beginner,Human,45,31
17,Human vs Beginner,Human,42,25
5,Human vs Beginner,Human,38,33
26,Human vs Beginner,Human,48,22
14,Human vs Beginner,Human,43,29
7,Human vs Beginner,Human,38,31
7,Human vs Beginner,Human,38,31
19,Human vs Beginner,Human,46,27
24,Human vs Beginner,Human,47,23
12,Human vs Beginner,Human,40,28
11,Human vs Beginner,Human,43,32
9,Human vs Beginner,Human,38,29
7,Human vs Beginner,Human,39,32
2,Human vs Beginner,Human,33,31
18,Human vs Beginner,Human,47,29
11,Human vs Beginner,Human,43,32
20,Human vs Beginner,Human,48,28
20,Human vs Beginner,Human,43,23
17,Human vs Beginner,Human,43,26
16,Human vs Beginner,Human,46,30
18,Human vs Beginner,Human,44,26
22,Human vs Beginner,Human,48,26
16,Human vs Beginner,Human,44,28
18,Human vs Beginner,Human,44,26
19,Human vs Beginner,Human,46,27
20,Human vs Beginner,Human,45,25
14,Human vs Beginner,Human,43,29
8,Human vs Beginner,Human,39,31
10,Human vs Beginner,Human,40,30
21,Human vs Beginner,Human,48,27
13,Human vs Beginner,Human,41,28
2,Human vs Beginner,Human,37,35
1,Human vs Beginner,Human,34,33
16,Human vs Beginner,Human,45,29
11,Human vs Beginner,Human,40,29
22,Human vs Beginner,Human,45,23
10,Human vs Beginner,Human,37,27
19,Human vs Beginner,Human,46,27
8,Human vs Beginner,Human,39,31
7,Human vs Beginner,Human,40,33
8,Human vs Beginner,Human,40,32
28,Human vs Beginner,Human,50,22
20,Human vs Beginner,Human,47,27
14,Human vs Beginner,Human,42,28
17,Human vs Beginner,Human,44,27
3,Human vs Beginner,Human,34,31
19,Human vs Beginner,Human,47,28
10,Human vs Beginner,Human,39,29
19,Human vs Beginner,Human,43,24
25,Human vs Beginner,Human,48,23
11,Human vs Beginner,Human,40,29
21,Human vs Beginner,Human,47,26
17,Human vs Beginner,Human,46,29
6,Human vs Beginner,Human,37,31
10,Human vs Beginner,Human,37,27
12,Human vs Beginner,Human,42,30
16,Human vs Beginner,Human,46,30
15,Human vs Beginner,Human,42,27
11,Human vs Beginner,Human,41,30
21,Human vs Beginner,Human,46,25
1,Human vs Beginner,Human,35,34
1,Human vs Beginner,Human,34,33
29,Human vs Beginner,Human,52,23
14,Human vs Beginner,Human,43,29
15,Human vs Beginner,Human,43,28
5,Human vs Beginner,Human,37,32
2,Human vs Beginner,Beginner,36,34
4,Human vs Beginner,Human,39,35
11,Human vs Beginner,Human,40,29
18,Human vs Beginner,Human,48,30
13,Human vs Beginner,Human,43,30
5,Human vs Beginner,Human,36,31
23,Human vs Beginner,Human,48,25
22,Human vs Beginner,Human,48,26
14,Human vs Beginner,Human,43,29
8,Human vs Beginner,Human,39,31
11,Human vs Beginner,Human,41,30
18,Human vs Beginner,Human,44,26
31,Human vs Beginner,Human,52,21
8,Human vs Beginner,Human,38,30
15,Human vs Beginner,Human,43,28
13,Human vs Beginner,Human,44,31
1,Human vs Beginner,Human,36,35
28,Human vs Beginner,Human,53,25
11,Human vs Beginner,Human,40,29
32,Human vs Beginner,Human,55,23
27,Human vs Beginner,Human,49,22
14,Human vs Beginner,Human,44,30
7,Human vs Beginner,Human,38,31
10,Human vs Beginner,Human,42,32
12,Human vs Beginner,Human,39,27
16,Human vs Beginner,Human,41,25
10,Human vs Beginner,Human,41,31
7,Human vs Beginner,Human,39,32
1,Human vs Beginner,Beginner,34,33
13,Human vs Beginner,Human,42,29
4,Human vs Beginner,Human,37,33
19,Human vs Beginner,Human,46,27
21,Human vs Beginner,Human,51,30
10,Human vs Beginner,Human,42,32
5,Human vs Beginner,Human,38,33
9,Human vs Beginner,Human,40,31
8,Human vs Beginner,Human,38,30
13,Human vs Beginner,Human,43,30
1,Human vs Beginner,Beginner,38,37
11,Human vs Beginner,Human,41,30
15,Human vs Beginner,Human,45,30
18,Human vs Beginner,Human,48,30
19,Human vs Beginner,Human,45,26
13,Human vs Beginner,Human,43,30
9,Human vs Beginner,Human,39,30
23,Human vs Beginner,Human,50,27
10,Human vs Beginner,Human,40,30
3,Human vs Beginner,Beginner,34,31
5,Human vs Beginner,Human,40,35
2,Human vs Beginner,Beginner,33,31
8,Human vs Beginner,Human,40,32
15,Human vs Beginner,Human,43,28
9,Human vs Beginner,Human,42,33
8,Human vs Beginner,Human,43,35
10,Human vs Beginner,Human,41,31
2,Human vs Beginner,Human,37,35
7,Human vs Beginner,Human,41,34
13,Human vs Beginner,Human,44,31
12,Human vs Beginner,Human,41,29
22,Human vs Beginner,Human,46,24
11,Human vs Beginner,Human,44,33
21,Human vs Beginner,Human,46,25
5,Human vs Beginner,Human,39,34
9,Human vs Beginner,Human,38,29
19,Human vs Beginner,Human,45,26
13,Human vs Beginner,Human,42,29
21,Human vs Beginner,Human,47,26
11,Human vs Beginner,Human,43,32
2,Human vs Beginner,Human,35,33
7,Human vs Beginner,Human,39,32
22,Human vs Beginner,Human,48,26
2,Human vs Beginner,Human,38,36
15,Human vs Beginner,Human,42,27
2,Human vs Beginner,Human,39,37
4,Human vs Beginner,Human,38,34
12,Human vs Beginner,Human,40,28
6,Human vs Beginner,Human,41,35
4,Human vs Beginner,Human,36,32
2,Human vs Beginner,Beginner,37,35
17,Human vs Beginner,Human,44,27
6,Human vs Beginner,Human,37,31
2,Human vs Beginner,Beginner,35,33
29,Human vs Beginner,Human,51,22
2,Human vs Beginner,Human,36,34
10,Human vs Beginner,Human,40,30
4,Human vs Beginner,Human,38,34
14,Human vs Beginner,Human,40,26
12,Human vs Beginner,Human,41,29
3,Human vs Beginner,Human,37,34
6,Human vs Beginner,Beginner,38,32
4,Human vs Beginner,Human,37,33
15,Human vs Beginner,Human,43,28
10,Human vs Beginner,Human,41,31
8,Human vs Beginner,Human,38,30
18,Human vs Beginner,Human,42,24
12,Human vs Beginner,Human,42,30
15,Human vs Beginner,Human,45,30
3,Human vs Beginner,Beginner,37,34
16,Human vs Beginner,Human,46,30
16,Human vs Beginner,Human,45,29
12,Human vs Beginner,Human,41,29
14,Human vs Beginner,Human,44,30
9,Human vs Beginner,Human,40,31
17,Human vs Beginner,Human,44,27
11,Human vs Beginner,Human,42,31
0,Human vs Beginner,No one,35,35
6,Human vs Beginner,Human,39,33
7,Human vs Beginner,Human,39,32
3,Human vs Beginner,Human,36,33
15,Human vs Beginner,Human,44,29
12,Human vs Beginner,Human,42,30
18,Human vs Beginner,Human,44,26
11,Human vs Beginner,Human,43,32
5,Human vs Beginner,Beginner,36,31
21,Human vs Beginner,Human,45,24
10,Human vs Beginner,Human,40,30
8,Human vs Beginner,Human,37,29
9,Human vs Beginner,Human,39,30
21,Human vs Beginner,Human,46,25
23,Human vs Beginner,Human,46,23
15,Human vs Beginner,Human,42,27
12,Human vs Beginner,Human,40,28
1,Human vs Beginner,Human,37,36
11,Human vs Beginner,Human,40,29
16,Human vs Beginner,Human,43,27
5,Human vs Beginner,Human,37,32
25,Human vs Beginner,Human,46,21
5,Human vs Beginner,Beginner,35,30
21,Human vs Beginner,Human,47,26
24,Human vs Beginner,Human,46,22
2,Human vs Beginner,Beginner,38,36
15,Human vs Beginner,Human,42,27
2,Human vs Beginner,Human,35,33
21,Human vs Beginner,Human,45,24
5,Human vs Beginner,Human,37,32
13,Human vs Beginner,Human,43,30
24,Human vs Beginner,Human,46,22
8,Human vs Beginner,Human,38,30
12,Human vs Beginner,Human,42,30
21,Human vs Beginner,Human,48,27
8,Human vs Beginner,Human,36,28
19,Human vs Beginner,Human,44,25
7,Human vs Beginner,Human,41,34
11,Human vs Beginner,Human,40,29
8,Human vs Beginner,Human,38,30
21,Human vs Beginner,Human,45,24
17,Human vs Beginner,Human,46,29
13,Human vs Beginner,Human,41,28
13,Human vs Beginner,Human,42,29
5,Human vs Beginner,Human,40,35
19,Human vs Beginner,Human,46,27
10,Human vs Beginner,Human,40,30
12,Human vs Beginner,Human,41,29
17,Human vs Beginner,Human,45,28
27,Human vs Beginner,Human,53,26
13,Human vs Beginner,Human,40,27
10,Human vs Beginner,Human,39,29
12,Human vs Beginner,Human,42,30
22,Human vs Beginner,Human,46,24
18,Human vs Beginner,Human,45,27
18,Human vs Beginner,Human,47,29
18,Human vs Beginner,Human,45,27
13,Human vs Beginner,Human,39,26
23,Human vs Beginner,Human,50,27
13,Human vs Beginner,Human,42,29
19,Human vs Beginner,Human,47,28
11,Human vs Beginner,Human,43,32
6,Human vs Beginner,Human,40,34
15,Human vs Beginner,Human,42,27
20,Human vs Beginner,Human,48,28
12,Human vs Beginner,Human,43,31
18,Human vs Beginner,Human,45,27
21,Human vs Beginner,Human,43,22
17,Human vs Beginner,Human,43,26
15,Human vs Beginner,Human,42,27
4,Human vs Beginner,Human,38,34
9,Human vs Beginner,Human,39,30
13,Human vs Beginner,Human,40,27
16,Human vs Beginner,Human,41,25
13,Human vs Beginner,Human,43,30
19,Human vs Beginner,Human,46,27
11,Human vs Beginner,Human,42,31
11,Human vs Beginner,Human,40,29
23,Human vs Beginner,Human,49,26
23,Human vs Beginner,Human,50,27
13,Human vs Beginner,Human,42,29
3,Human vs Beginner,Human,36,33
12,Human vs Beginner,Human,40,28
9,Human vs Beginner,Human,38,29
3,Human vs Beginner,Human,34,31
16,Human vs Beginner,Human,45,29
13,Human vs Beginner,Human,44,31
3,Human vs Beginner,Human,35,32
13,Human vs Beginner,Human,43,30
9,Human vs Beginner,Human,39,30
15,Human vs Beginner,Human,42,27
16,Human vs Beginner,Human,47,31
12,Human vs Beginner,Human,43,31
15,Human vs Beginner,Human,45,30
15,Human vs Beginner,Human,42,27
4,Human vs Beginner,Human,40,36
1,Human vs Beginner,Human,36,35
10,Human vs Beginner,Human,40,30
25,Human vs Beginner,Human,50,25
18,Human vs Beginner,Human,45,27
3,Human vs Beginner,Human,34,31
5,Human vs Beginner,Human,36,31
25,Human vs Beginner,Human,48,23
18,Human vs Beginner,Human,44,26
13,Human vs Beginner,Human,39,26
7,Human vs Beginner,Human,37,30
13,Human vs Beginner,Human,43,30
0,Human vs Beginner,No one,37,37
14,Human vs Beginner,Human,41,27
13,Human vs Beginner,Human,42,29
16,Human vs Beginner,Human,46,30
11,Human vs Beginner,Human,42,31
20,Human vs Beginner,Human,46,26
5,Human vs Beginner,Human,39,34
16,Human vs Beginner,Human,47,31
1,Human vs Beginner,Human,34,33
12,Human vs Beginner,Human,41,29
11,Human vs Beginner,Human,42,31
8,Human vs Beginner,Human,39,31
10,Human vs Beginner,Human,42,32
15,Human vs Beginner,Human,42,27
15,Human vs Beginner,Human,42,27
11,Human vs Beginner,Human,41,30
24,Human vs Beginner,Human,50,26
3,Human vs Beginner,Human,33,30
8,Human vs Beginner,Human,40,32
5,Human vs Beginner,Human,36,31
6,Human vs Beginner,Human,37,31
21,Human vs Beginner,Human,43,22
1,Human vs Beginner,Beginner,32,31
5,Human vs Beginner,Human,36,31
13,Human vs Beginner,Human,43,30
26,Human vs Beginner,Human,50,24
10,Human vs Beginner,Human,41,31
16,Human vs Beginner,Human,44,28
10,Human vs Beginner,Human,39,29
10,Human vs Beginner,Human,41,31
12,Human vs Beginner,Human,42,30
12,Human vs Beginner,Human,42,30
11,Human vs Beginner,Human,40,29
25,Human vs Beginner,Human,49,24
1,Human vs Beginner,Human,36,35
23,Human vs Beginner,Human,48,25
18,Human vs Beginner,Human,44,26
8,Human vs Beginner,Human,40,32
6,Human vs Beginner,Human,36,30
11,Human vs Beginner,Human,38,27
16,Human vs Beginner,Human,44,28
6,Human vs Beginner,Human,37,31
24,Human vs Beginner,Human,48,24
14,Human vs Beginner,Human,43,29
2,Human vs Beginner,Human,36,34
9,Human vs Beginner,Human,39,30
26,Human vs Beginner,Human,52,26
9,Human vs Beginner,Human,38,29
4,Human vs Beginner,Human,37,33
25,Human vs Beginner,Human,47,22
21,Human vs Beginner,Human,46,25
17,Human vs Beginner,Human,43,26
15,Human vs Beginner,Human,44,29
13,Human vs Beginner,Human,46,33
19,Human vs Beginner,Human,46,27
10,Human vs Beginner,Human,39,29
25,Human vs Beginner,Human,51,26
7,Human vs Beginner,Human,38,31
6,Human vs Beginner,Human,40,34
2,Human vs Beginner,Human,34,32
15,Human vs Beginner,Human,45,30
10,Human vs Beginner,Human,40,30
31,Human vs Beginner,Human,53,22
8,Human vs Beginner,Human,40,32
8,Human vs Beginner,Human,39,31
2,Human vs Beginner,Human,36,34
20,Human vs Beginner,Human,46,26
4,Human vs Beginner,Human,34,30
17,Human vs Beginner,Human,43,26
12,Human vs Beginner,Human,41,29
10,Human vs Beginner,Human,41,31
4,Human vs Beginner,Human,38,34
8,Human vs Beginner,Human,39,31
8,Human vs Beginner,Human,41,33
20,Human vs Beginner,Human,46,26
16,Human vs Beginner,Human,43,27
0,Human vs Beginner,No one,35,35
14,Human vs Beginner,Human,43,29
7,Human vs Beginner,Human,38,31
21,Human vs Beginner,Human,47,26
8,Human vs Beginner,Human,43,35
14,Human vs Beginner,Human,46,32
14,Human vs Beginner,Human,43,29
9,Human vs Beginner,Human,39,30
16,Human vs Beginner,Human,42,26
11,Human vs Beginner,Human,41,30
17,Human vs Beginner,Human,46,29
9,Human vs Beginner,Human,39,30
12,Human vs Beginner,Human,40,28
9,Human vs Beginner,Human,41,32
6,Human vs Beginner,Human,37,31
2,Human vs Beginner,Human,35,33
5,Human vs Beginner,Human,38,33
4,Human vs Beginner,Human,35,31
18,Human vs Beginner,Human,45,27
21,Human vs Beginner,Human,45,24
11,Human vs Beginner,Human,41,30
6,Human vs Beginner,Human,34,28
13,Human vs Beginner,Human,42,29
0,Human vs Beginner,No one,37,37
13,Human vs Beginner,Human,43,30
16,Human vs Beginner,Human,43,27
14,Human vs Beginner,Human,43,29
12,Human vs Beginner,Human,41,29
15,Human vs Beginner,Human,41,26
10,Human vs Beginner,Human,39,29
13,Human vs Beginner,Human,41,28
25,Human vs Beginner,Human,49,24
10,Human vs Beginner,Human,41,31
13,Human vs Beginner,Human,41,28
13,Human vs Beginner,Human,42,29
21,Human vs Beginner,Human,46,25
18,Human vs Beginner,Human,45,27
8,Human vs Beginner,Human,38,30
3,Human vs Beginner,Human,36,33
19,Human vs Beginner,Human,45,26
5,Human vs Beginner,Human,39,34
10,Human vs Beginner,Human,42,32
9,Human vs Beginner,Human,38,29
20,Human vs Beginner,Human,45,25
13,Human vs Beginner,Human,42,29
10,Human vs Beginner,Human,37,27
9,Human vs Beginner,Human,40,31
22,Human vs Beginner,Human,48,26
16,Human vs Beginner,Human,40,24
18,Human vs Beginner,Human,44,26
11,Human vs Beginner,Human,41,30
1,Human vs Beginner,Human,33,32
7,Human vs Beginner,Human,36,29
12,Human vs Beginner,Human,41,29
14,Human vs Beginner,Human,44,30
14,Human vs Beginner,Human,43,29
9,Human vs Beginner,Human,40,31
5,Human vs Beginner,Human,38,33
27,Human vs Intermediate,Human,48,21
31,Human vs Intermediate,Human,49,18
41,Human vs Intermediate,Human,56,15
33,Human vs Intermediate,Human,52,19
22,Human vs Intermediate,Human,45,23
28,Human vs Intermediate,Human,46,18
26,Human vs Intermediate,Human,46,20
31,Human vs Intermediate,Human,47,16
35,Human vs Intermediate,Human,55,20
21,Human vs Intermediate,Human,43,22
21,Human vs Intermediate,Human,43,22
24,Human vs Intermediate,Human,46,22
19,Human vs Intermediate,Human,41,22
28,Human vs Intermediate,Human,45,17
19,Human vs Intermediate,Human,43,24
37,Human vs Intermediate,Human,55,18
41,Human vs Intermediate,Human,55,14
24,Human vs Intermediate,Human,46,22
21,Human vs Intermediate,Human,41,20
25,Human vs Intermediate,Human,45,20
33,Human vs Intermediate,Human,51,18
21,Human vs Intermediate,Human,43,22
33,Human vs Intermediate,Human,50,17
36,Human vs Intermediate,Human,52,16
31,Human vs Intermediate,Human,49,18
37,Human vs Intermediate,Human,51,14
43,Human vs Intermediate,Human,58,15
37,Human vs Intermediate,Human,52,15
24,Human vs Intermediate,Human,44,20
24,Human vs Intermediate,Human,45,21
32,Human vs Intermediate,Human,51,19
28,Human vs Intermediate,Human,48,20
33,Human vs Intermediate,Human,50,17
34,Human vs Intermediate,Human,51,17
37,Human vs Intermediate,Human,53,16
28,Human vs Intermediate,Human,46,18
30,Human vs Intermediate,Human,49,19
20,Human vs Intermediate,Human,41,21
12,Human vs Intermediate,Human,38,26
29,Human vs Intermediate,Human,46,17
21,Human vs Intermediate,Human,41,20
33,Human vs Intermediate,Human,50,17
25,Human vs Intermediate,Human,45,20
32,Human vs Intermediate,Human,47,15
38,Human vs Intermediate,Human,52,14
26,Human vs Intermediate,Human,46,20
30,Human vs Intermediate,Human,49,19
22,Human vs Intermediate,Human,42,20
33,Human vs Intermediate,Human,50,17
27,Human vs Intermediate,Human,46,19
33,Human vs Intermediate,Human,49,16
23,Human vs Intermediate,Human,45,22
13,Human vs Intermediate,Human,37,24
31,Human vs Intermediate,Human,49,18
26,Human vs Intermediate,Human,45,19
35,Human vs Intermediate,Human,52,17
26,Human vs Intermediate,Human,45,19
25,Human vs Intermediate,Human,47,22
34,Human vs Intermediate,Human,52,18
43,Human vs Intermediate,Human,53,10
26,Human vs Intermediate,Human,46,20
33,Human vs Intermediate,Human,52,19
35,Human vs Intermediate,Human,51,16
33,Human vs Intermediate,Human,50,17
32,Human vs Intermediate,Human,50,18
34,Human vs Intermediate,Human,52,18
26,Human vs Intermediate,Human,45,19
29,Human vs Intermediate,Human,48,19
33,Human vs Intermediate,Human,51,18
33,Human vs Intermediate,Human,52,19
36,Human vs Intermediate,Human,52,16
25,Human vs Intermediate,Human,43,18
10,Human vs Intermediate,Human,37,27
36,Human vs Intermediate,Human,50,14
27,Human vs Intermediate,Human,49,22
25,Human vs Intermediate,Human,47,22
40,Human vs Intermediate,Human,56,16
22,Human vs Intermediate,Human,47,25
25,Human vs Intermediate,Human,45,20
21,Human vs Intermediate,Human,43,22
24,Human vs Intermediate,Human,44,20
27,Human vs Intermediate,Human,45,18
33,Human vs Intermediate,Human,48,15
15,Human vs Intermediate,Human,41,26
19,Human vs Intermediate,Human,44,25
30,Human vs Intermediate,Human,48,18
34,Human vs Intermediate,Human,51,17
33,Human vs Intermediate,Human,49,16
22,Human vs Intermediate,Human,45,23
38,Human vs Intermediate,Human,54,16
38,Human vs Intermediate,Human,54,16
40,Human vs Intermediate,Human,53,13
39,Human vs Intermediate,Human,54,15
41,Human vs Intermediate,Human,56,15
29,Human vs Intermediate,Human,49,20
22,Human vs Intermediate,Human,43,21
18,Human vs Intermediate,Human,41,23
23,Human vs Intermediate,Human,46,23
33,Human vs Intermediate,Human,50,17
35,Human vs Intermediate,Human,51,16
26,Human vs Intermediate,Human,45,19
26,Human vs Intermediate,Human,47,21
22,Human vs Intermediate,Human,42,20
26,Human vs Intermediate,Human,46,20
21,Human vs Intermediate,Human,42,21
19,Human vs Intermediate,Human,43,24
37,Human vs Intermediate,Human,52,15
22,Human vs Intermediate,Human,43,21
34,Human vs Intermediate,Human,52,18
25,Human vs Intermediate,Human,45,20
23,Human vs Intermediate,Human,44,21
13,Human vs Intermediate,Human,40,27
18,Human vs Intermediate,Human,42,24
37,Human vs Intermediate,Human,53,16
28,Human vs Intermediate,Human,47,19
29,Human vs Intermediate,Human,49,20
30,Human vs Intermediate,Human,49,19
43,Human vs Intermediate,Human,57,14
28,Human vs Intermediate,Human,47,19
31,Human vs Intermediate,Human,49,18
40,Human vs Intermediate,Human,55,15
24,Human vs Intermediate,Human,45,21
20,Human vs Intermediate,Human,44,24
25,Human vs Intermediate,Human,48,23
35,Human vs Intermediate,Human,52,17
30,Human vs Intermediate,Human,49,19
38,Human vs Intermediate,Human,55,17
28,Human vs Intermediate,Human,46,18
19,Human vs Intermediate,Human,41,22
18,Human vs Intermediate,Human,42,24
33,Human vs Intermediate,Human,49,16
35,Human vs Intermediate,Human,51,16
13,Human vs Intermediate,Human,38,25
24,Human vs Intermediate,Human,45,21
18,Human vs Intermediate,Human,41,23
19,Human vs Intermediate,Human,42,23
28,Human vs Intermediate,Human,49,21
43,Human vs Intermediate,Human,56,13
26,Human vs Intermediate,Human,46,20
32,Human vs Intermediate,Human,46,14
23,Human vs Intermediate,Human,44,21
34,Human vs Intermediate,Human,47,13
24,Human vs Intermediate,Human,45,21
36,Human vs Intermediate,Human,50,14
21,Human vs Intermediate,Human,42,21
36,Human vs Intermediate,Human,52,16
27,Human vs Intermediate,Human,47,20
39,Human vs Intermediate,Human,52,13
33,Human vs Intermediate,Human,48,15
17,Human vs Intermediate,Human,40,23
18,Human vs Intermediate,Human,41,23
26,Human vs Intermediate,Human,47,21
19,Human vs Intermediate,Human,43,24
44,Human vs Intermediate,Human,57,13
43,Human vs Intermediate,Human,56,13
35,Human vs Intermediate,Human,50,15
23,Human vs Intermediate,Human,44,21
36,Human vs Intermediate,Human,50,14
18,Human vs Intermediate,Human,40,22
36,Human vs Intermediate,Human,54,18
29,Human vs Intermediate,Human,47,18
24,Human vs Intermediate,Human,43,19
40,Human vs Intermediate,Human,54,14
27,Human vs Intermediate,Human,48,21
21,Human vs Intermediate,Human,42,21
39,Human vs Intermediate,Human,54,15
31,Human vs Intermediate,Human,50,19
28,Human vs Intermediate,Human,46,18
25,Human vs Intermediate,Human,46,21
17,Human vs Intermediate,Human,40,23
27,Human vs Intermediate,Human,48,21
26,Human vs Intermediate,Human,44,18
26,Human vs Intermediate,Human,46,20
31,Human vs Intermediate,Human,49,18
21,Human vs Intermediate,Human,45,24
32,Human vs Intermediate,Human,52,20
29,Human vs Intermediate,Human,48,19
22,Human vs Intermediate,Human,43,21
29,Human vs Intermediate,Human,46,17
29,Human vs Intermediate,Human,48,19
24,Human vs Intermediate,Human,46,22
24,Human vs Intermediate,Human,45,21
29,Human vs Intermediate,Human,47,18
27,Human vs Intermediate,Human,47,20
32,Human vs Intermediate,Human,49,17
47,Human vs Intermediate,Human,57,10
23,Human vs Intermediate,Human,45,22
29,Human vs Intermediate,Human,46,17
24,Human vs Intermediate,Human,45,21
41,Human vs Intermediate,Human,56,15
40,Human vs Intermediate,Human,54,14
22,Human vs Intermediate,Human,44,22
39,Human vs Intermediate,Human,52,13
32,Human vs Intermediate,Human,49,17
34,Human vs Intermediate,Human,52,18
39,Human vs Intermediate,Human,52,13
27,Human vs Intermediate,Human,47,20
40,Human vs Intermediate,Human,53,13
21,Human vs Intermediate,Human,44,23
24,Human vs Intermediate,Human,46,22
33,Human vs Intermediate,Human,50,17
28,Human vs Intermediate,Human,47,19
30,Human vs Intermediate,Human,48,18
32,Human vs Intermediate,Human,49,17
25,Human vs Intermediate,Human,44,19
35,Human vs Intermediate,Human,49,14
28,Human vs Intermediate,Human,45,17
22,Human vs Intermediate,Human,44,22
24,Human vs Intermediate,Human,46,22
17,Human vs Intermediate,Human,41,24
31,Human vs Intermediate,Human,48,17
28,Human vs Intermediate,Human,48,20
21,Human vs Intermediate,Human,45,24
19,Human vs Intermediate,Human,42,23
34,Human vs Intermediate,Human,51,17
24,Human vs Intermediate,Human,46,22
15,Human vs Intermediate,Human,39,24
17,Human vs Intermediate,Human,40,23
38,Human vs Intermediate,Human,53,15
36,Human vs Intermediate,Human,52,16
33,Human vs Intermediate,Human,50,17
11,Human vs Intermediate,Human,38,27
19,Human vs Intermediate,Human,44,25
28,Human vs Intermediate,Human,45,17
29,Human vs Intermediate,Human,49,20
33,Human vs Intermediate,Human,52,19
17,Human vs Intermediate,Human,40,23
28,Human vs Intermediate,Human,46,18
29,Human vs Intermediate,Human,46,17
31,Human vs Intermediate,Human,49,18
24,Human vs Intermediate,Human,45,21
30,Human vs Intermediate,Human,48,18
34,Human vs Intermediate,Human,53,19
35,Human vs Intermediate,Human,51,16
22,Human vs Intermediate,Human,44,22
31,Human vs Intermediate,Human,50,19
21,Human vs Intermediate,Human,41,20
23,Human vs Intermediate,Human,46,23
14,Human vs Intermediate,Human,37,23
28,Human vs Intermediate,Human,47,19
24,Human vs Intermediate,Human,47,23
18,Human vs Intermediate,Human,43,25
26,Human vs Intermediate,Human,48,22
44,Human vs Intermediate,Human,55,11
28,Human vs Intermediate,Human,47,19
34,Human vs Intermediate,Human,51,17
30,Human vs Intermediate,Human,49,19
38,Human vs Intermediate,Human,56,18
30,Human vs Intermediate,Human,50,20
33,Human vs Intermediate,Human,52,19
21,Human vs Intermediate,Human,41,20
37,Human vs Intermediate,Human,53,16
23,Human vs Intermediate,Human,43,20
39,Human vs Intermediate,Human,54,15
49,Human vs Intermediate,Human,60,11
25,Human vs Intermediate,Human,42,17
41,Human vs Intermediate,Human,54,13
25,Human vs Intermediate,Human,45,20
36,Human vs Intermediate,Human,53,17
30,Human vs Intermediate,Human,48,18
37,Human vs Intermediate,Human,51,14
33,Human vs Intermediate,Human,50,17
32,Human vs Intermediate,Human,51,19
32,Human vs Intermediate,Human,52,20
37,Human vs Intermediate,Human,52,15
37,Human vs Intermediate,Human,54,17
38,Human vs Intermediate,Human,51,13
25,Human vs Intermediate,Human,45,20
12,Human vs Intermediate,Human,36,24
23,Human vs Intermediate,Human,47,24
23,Human vs Intermediate,Human,45,22
24,Human vs Intermediate,Human,45,21
35,Human vs Intermediate,Human,52,17
24,Human vs Intermediate,Human,43,19
34,Human vs Intermediate,Human,49,15
25,Human vs Intermediate,Human,46,21
37,Human vs Intermediate,Human,53,16
38,Human vs Intermediate,Human,54,16
20,Human vs Intermediate,Human,43,23
32,Human vs Intermediate,Human,50,18
29,Human vs Intermediate,Human,47,18
24,Human vs Intermediate,Human,45,21
15,Human vs Intermediate,Human,40,25
14,Human vs Intermediate,Human,40,26
40,Human vs Intermediate,Human,54,14
19,Human vs Intermediate,Human,43,24
21,Human vs Intermediate,Human,43,22
19,Human vs Intermediate,Human,43,24
35,Human vs Intermediate,Human,52,17
37,Human vs Intermediate,Human,51,14
36,Human vs Intermediate,Human,51,15
25,Human vs Intermediate,Human,45,20
48,Human vs Intermediate,Human,61,13
24,Human vs Intermediate,Human,45,21
29,Human vs Intermediate,Human,47,18
20,Human vs Intermediate,Human,42,22
43,Human vs Intermediate,Human,56,13
31,Human vs Intermediate,Human,48,17
38,Human vs Intermediate,Human,55,17
29,Human vs Intermediate,Human,47,18
36,Human vs Intermediate,Human,53,17
30,Human vs Intermediate,Human,50,20
29,Human vs Intermediate,Human,47,18
17,Human vs Intermediate,Human,42,25
31,Human vs Intermediate,Human,49,18
27,Human vs Intermediate,Human,47,20
23,Human vs Intermediate,Human,45,22
37,Human vs Intermediate,Human,54,17
23,Human vs Intermediate,Human,45,22
25,Human vs Intermediate,Human,44,19
36,Human vs Intermediate,Human,54,18
50,Human vs Intermediate,Human,59,9
36,Human vs Intermediate,Human,48,12
28,Human vs Intermediate,Human,47,19
33,Human vs Intermediate,Human,51,18
48,Human vs Intermediate,Human,60,12
19,Human vs Intermediate,Human,41,22
26,Human vs Intermediate,Human,46,20
31,Human vs Intermediate,Human,49,18
14,Human vs Intermediate,Human,40,26
31,Human vs Intermediate,Human,46,15
8,Human vs Intermediate,Human,36,28
29,Human vs Intermediate,Human,49,20
24,Human vs Intermediate,Human,44,20
20,Human vs Intermediate,Human,44,24
19,Human vs Intermediate,Human,41,22
22,Human vs Intermediate,Human,45,23
29,Human vs Intermediate,Human,49,20
35,Human vs Intermediate,Human,54,19
31,Human vs Intermediate,Human,49,18
29,Human vs Intermediate,Human,49,20
19,Human vs Intermediate,Human,43,24
27,Human vs Intermediate,Human,46,19
42,Human vs Intermediate,Human,56,14
26,Human vs Intermediate,Human,47,21
34,Human vs Intermediate,Human,52,18
34,Human vs Intermediate,Human,52,18
38,Human vs Intermediate,Human,52,14
22,Human vs Intermediate,Human,44,22
28,Human vs Intermediate,Human,50,22
35,Human vs Intermediate,Human,51,16
24,Human vs Intermediate,Human,44,20
28,Human vs Intermediate,Human,47,19
37,Human vs Intermediate,Human,53,16
9,Human vs Intermediate,Human,34,25
35,Human vs Intermediate,Human,51,16
35,Human vs Intermediate,Human,51,16
25,Human vs Intermediate,Human,46,21
39,Human vs Intermediate,Human,54,15
33,Human vs Intermediate,Human,49,16
25,Human vs Intermediate,Human,45,20
18,Human vs Intermediate,Human,42,24
28,Human vs Intermediate,Human,45,17
33,Human vs Intermediate,Human,49,16
26,Human vs Intermediate,Human,47,21
21,Human vs Intermediate,Human,43,22
23,Human vs Intermediate,Human,45,22
29,Human vs Intermediate,Human,47,18
21,Human vs Intermediate,Human,41,20
34,Human vs Intermediate,Human,51,17
19,Human vs Intermediate,Human,44,25
25,Human vs Intermediate,Human,45,20
29,Human vs Intermediate,Human,48,19
27,Human vs Intermediate,Human,50,23
37,Human vs Intermediate,Human,52,15
36,Human vs Intermediate,Human,52,16
19,Human vs Intermediate,Human,43,24
30,Human vs Intermediate,Human,47,17
18,Human vs Intermediate,Human,40,22
19,Human vs Intermediate,Human,43,24
28,Human vs Intermediate,Human,47,19
31,Human vs Intermediate,Human,50,19
38,Human vs Intermediate,Human,53,15
33,Human vs Intermediate,Human,49,16
33,Human vs Intermediate,Human,49,16
22,Human vs Intermediate,Human,43,21
39,Human vs Intermediate,Human,54,15
28,Human vs Intermediate,Human,45,17
31,Human vs Intermediate,Human,48,17
24,Human vs Intermediate,Human,45,21
22,Human vs Intermediate,Human,44,22
31,Human vs Intermediate,Human,50,19
30,Human vs Intermediate,Human,49,19
26,Human vs Intermediate,Human,48,22
33,Human vs Intermediate,Human,50,17
43,Human vs Intermediate,Human,57,14
25,Human vs Intermediate,Human,47,22
28,Human vs Intermediate,Human,46,18
29,Human vs Intermediate,Human,49,20
34,Human vs Intermediate,Human,51,17
25,Human vs Intermediate,Human,45,20
29,Human vs Intermediate,Human,49,20
41,Human vs Intermediate,Human,56,15
27,Human vs Intermediate,Human,47,20
28,Human vs Intermediate,Human,48,20
30,Human vs Intermediate,Human,47,17
29,Human vs Intermediate,Human,49,20
13,Human vs Intermediate,Human,36,23
31,Human vs Intermediate,Human,48,17
45,Human vs Intermediate,Human,57,12
25,Human vs Intermediate,Human,45,20
21,Human vs Intermediate,Human,44,23
24,Human vs Intermediate,Human,46,22
32,Human vs Intermediate,Human,50,18
41,Human vs Intermediate,Human,57,16
48,Human vs Intermediate,Human,60,12
29,Human vs Intermediate,Human,48,19
28,Human vs Intermediate,Human,47,19
13,Human vs Intermediate,Human,39,26
33,Human vs Intermediate,Human,50,17
27,Human vs Intermediate,Human,46,19
21,Human vs Intermediate,Human,42,21
31,Human vs Intermediate,Human,48,17
26,Human vs Intermediate,Human,47,21
22,Human vs Intermediate,Human,44,22
34,Human vs Intermediate,Human,52,18
31,Human vs Intermediate,Human,48,17
20,Human vs Intermediate,Human,43,23
32,Human vs Intermediate,Human,50,18
27,Human vs Intermediate,Human,47,20
27,Human vs Intermediate,Human,46,19
41,Human vs Intermediate,Human,55,14
33,Human vs Intermediate,Human,50,17
28,Human vs Intermediate,Human,49,21
38,Human vs Intermediate,Human,53,15
9,Human vs Intermediate,Human,38,29
39,Human vs Intermediate,Human,51,12
23,Human vs Intermediate,Human,45,22
25,Human vs Intermediate,Human,46,21
36,Human vs Intermediate,Human,51,15
30,Human vs Intermediate,Human,48,18
35,Human vs Intermediate,Human,52,17
41,Human vs Intermediate,Human,54,13
31,Human vs Intermediate,Human,48,17
43,Human vs Intermediate,Human,56,13
36,Human vs Intermediate,Human,51,15
34,Human vs Intermediate,Human,51,17
49,Human vs Intermediate,Human,59,10
20,Human vs Intermediate,Human,42,22
21,Human vs Intermediate,Human,42,21
44,Human vs Intermediate,Human,58,14
34,Human vs Intermediate,Human,51,17
30,Human vs Intermediate,Human,48,18
43,Human vs Intermediate,Human,58,15
24,Human vs Intermediate,Human,44,20
28,Human vs Intermediate,Human,46,18
26,Human vs Intermediate,Human,47,21
36,Human vs Intermediate,Human,51,15
33,Human vs Intermediate,Human,48,15
23,Human vs Intermediate,Human,46,23
37,Human vs Intermediate,Human,54,17
37,Human vs Intermediate,Human,52,15
47,Human vs Intermediate,Human,60,13
36,Human vs Intermediate,Human,50,14
34,Human vs Intermediate,Human,50,16
30,Human vs Intermediate,Human,49,19
28,Human vs Intermediate,Human,47,19
29,Human vs Intermediate,Human,48,19
15,Human vs Intermediate,Human,37,22
37,Human vs Intermediate,Human,51,14
46,Human vs Intermediate,Human,59,13
41,Human vs Intermediate,Human,55,14
18,Human vs Intermediate,Human,43,25
30,Human vs Intermediate,Human,49,19
25,Human vs Intermediate,Human,46,21
33,Human vs Intermediate,Human,50,17
34,Human vs Intermediate,Human,51,17
28,Human vs Intermediate,Human,48,20
34,Human vs Intermediate,Human,50,16
22,Human vs Intermediate,Human,44,22
22,Human vs Intermediate,Human,44,22
26,Human vs Intermediate,Human,47,21
38,Human vs Intermediate,Human,52,14
24,Human vs Intermediate,Human,46,22
25,Human vs Intermediate,Human,44,19
27,Human vs Intermediate,Human,45,18
28,Human vs Intermediate,Human,47,19
17,Human vs Intermediate,Human,40,23
29,Human vs Intermediate,Human,51,22
20,Human vs Intermediate,Human,44,24
29,Human vs Intermediate,Human,50,21
35,Human vs Intermediate,Human,52,17
36,Human vs Intermediate,Human,53,17
27,Human vs Intermediate,Human,46,19
25,Human vs Intermediate,Human,45,20
31,Human vs Intermediate,Human,48,17
27,Human vs Intermediate,Human,46,19
25,Human vs Intermediate,Human,46,21
24,Human vs Intermediate,Human,46,22
24,Human vs Intermediate,Human,45,21
34,Human vs Intermediate,Human,53,19
26,Human vs Intermediate,Human,45,19
10,Human vs Intermediate,Human,38,28
22,Human vs Intermediate,Human,44,22
24,Human vs Intermediate,Human,45,21
33,Human vs Intermediate,Human,50,17
30,Human vs Intermediate,Human,49,19
31,Human vs Intermediate,Human,50,19
24,Human vs Intermediate,Human,44,20
27,Human vs Intermediate,Human,46,19
17,Human vs Intermediate,Human,42,25
10,Human vs Intermediate,Human,35,25
22,Human vs Intermediate,Human,43,21
32,Human vs Intermediate,Human,51,19
41,Human vs Intermediate,Human,55,14
26,Human vs Intermediate,Human,43,17
25,Human vs Intermediate,Human,45,20
19,Human vs Intermediate,Human,42,23
53,Human vs Intermediate,Human,64,11
12,Human vs Intermediate,Human,37,25
27,Human vs Intermediate,Human,48,21
38,Human vs Intermediate,Human,56,18
35,Human vs Intermediate,Human,50,15
16,Human vs Intermediate,Human,38,22
36,Human vs Intermediate,Human,53,17
38,Human vs Intermediate,Human,54,16
25,Human vs Intermediate,Human,46,21
13,Human vs Intermediate,Human,38,25
29,Human vs Intermediate,Human,48,19
28,Human vs Intermediate,Human,47,19
29,Human vs Intermediate,Human,47,18
25,Human vs Intermediate,Human,45,20
43,Human vs Intermediate,Human,57,14
22,Human vs Intermediate,Human,43,21
30,Human vs Intermediate,Human,48,18
37,Human vs Intermediate,Human,54,17
35,Human vs Intermediate,Human,51,16
31,Human vs Intermediate,Human,50,19
35,Human vs Intermediate,Human,53,18
21,Human vs Intermediate,Human,42,21
11,Human vs Intermediate,Human,36,25
20,Human vs Intermediate,Human,43,23
25,Human vs Intermediate,Human,46,21
27,Human vs Intermediate,Human,47,20
26,Human vs Intermediate,Human,46,20
22,Human vs Intermediate,Human,43,21
28,Human vs Intermediate,Human,48,20
10,Human vs Intermediate,Human,39,29
27,Human vs Intermediate,Human,47,20
26,Human vs Intermediate,Human,45,19
36,Human vs Intermediate,Human,53,17
37,Human vs Intermediate,Human,55,18
24,Human vs Intermediate,Human,45,21
34,Human vs Intermediate,Human,49,15
22,Human vs Intermediate,Human,44,22
26,Human vs Intermediate,Human,45,19
23,Human vs Intermediate,Human,45,22
30,Human vs Intermediate,Human,49,19
20,Human vs Intermediate,Human,44,24
19,Human vs Intermediate,Human,42,23
44,Human vs Intermediate,Human,57,13
22,Human vs Intermediate,Human,44,22
32,Human vs Intermediate,Human,48,16
34,Human vs Intermediate,Human,53,19
41,Human vs Intermediate,Human,53,12
16,Human vs Intermediate,Human,41,25
26,Human vs Intermediate,Human,46,20
34,Human vs Intermediate,Human,51,17
36,Human vs Intermediate,Human,51,15
23,Human vs Intermediate,Human,45,22
35,Human vs Intermediate,Human,52,17
15,Human vs Intermediate,Human,41,26
13,Human vs Intermediate,Human,36,23
32,Human vs Intermediate,Human,49,17
26,Human vs Intermediate,Human,48,22
40,Human vs Intermediate,Human,56,16
43,Human vs Intermediate,Human,56,13
31,Human vs Intermediate,Human,51,20
26,Human vs Intermediate,Human,43,17
37,Human vs Intermediate,Human,51,14
22,Human vs Intermediate,Human,40,18
34,Human vs Intermediate,Human,50,16
27,Human vs Intermediate,Human,47,20
33,Human vs Intermediate,Human,50,17
20,Human vs Intermediate,Human,41,21
14,Human vs Intermediate,Human,39,25
24,Human vs Intermediate,Human,45,21
27,Human vs Intermediate,Human,44,17
25,Human vs Intermediate,Human,45,20
23,Human vs Intermediate,Human,45,22
30,Human vs Intermediate,Human,49,19
17,Human vs Intermediate,Human,41,24
24,Human vs Intermediate,Human,45,21
36,Human vs Intermediate,Human,51,15
39,Human vs Intermediate,Human,52,13
19,Human vs Intermediate,Human,44,25
32,Human vs Intermediate,Human,49,17
23,Human vs Intermediate,Human,45,22
16,Human vs Intermediate,Human,41,25
38,Human vs Intermediate,Human,51,13
19,Human vs Intermediate,Human,41,22
33,Human vs Intermediate,Human,51,18
24,Human vs Intermediate,Human,45,21
24,Human vs Intermediate,Human,46,22
39,Human vs Intermediate,Human,54,15
21,Human vs Intermediate,Human,44,23
36,Human vs Intermediate,Human,51,15
34,Human vs Intermediate,Human,52,18
32,Human vs Intermediate,Human,49,17
31,Human vs Intermediate,Human,49,18
30,Human vs Intermediate,Human,47,17
16,Human vs Intermediate,Human,41,25
38,Human vs Intermediate,Human,52,14
27,Human vs Intermediate,Human,46,19
35,Human vs Intermediate,Human,50,15
30,Human vs Intermediate,Human,49,19
26,Human vs Intermediate,Human,46,20
24,Human vs Intermediate,Human,46,22
17,Human vs Intermediate,Human,42,25
32,Human vs Intermediate,Human,49,17
24,Human vs Intermediate,Human,45,21
29,Human vs Intermediate,Human,50,21
33,Human vs Intermediate,Human,52,19
14,Human vs Intermediate,Human,39,25
32,Human vs Intermediate,Human,51,19
25,Human vs Intermediate,Human,45,20
34,Human vs Intermediate,Human,50,16
32,Human vs Intermediate,Human,50,18
30,Human vs Intermediate,Human,46,16
37,Human vs Intermediate,Human,52,15
14,Human vs Intermediate,Human,39,25
25,Human vs Intermediate,Human,45,20
35,Human vs Intermediate,Human,51,16
28,Human vs Intermediate,Human,46,18
13,Human vs Intermediate,Human,37,24
25,Human vs Intermediate,Human,44,19
28,Human vs Intermediate,Human,49,21
29,Human vs Intermediate,Human,48,19
36,Human vs Intermediate,Human,51,15
36,Human vs Intermediate,Human,50,14
40,Human vs Intermediate,Human,54,14
33,Human vs Intermediate,Human,52,19
19,Human vs Intermediate,Human,41,22
27,Human vs Intermediate,Human,47,20
42,Human vs Intermediate,Human,56,14
23,Human vs Intermediate,Human,44,21
10,Human vs Intermediate,Human,38,28
34,Human vs Intermediate,Human,52,18
24,Human vs Intermediate,Human,42,18
14,Human vs Intermediate,Human,39,25
31,Human vs Intermediate,Human,48,17
29,Human vs Intermediate,Human,46,17
32,Human vs Intermediate,Human,51,19
17,Human vs Intermediate,Human,41,24
24,Human vs Intermediate,Human,45,21
22,Human vs Intermediate,Human,44,22
26,Human vs Intermediate,Human,45,19
19,Human vs Intermediate,Human,41,22
33,Human vs Intermediate,Human,50,17
58,Human vs Intermediate,Human,66,8
23,Human vs Intermediate,Human,44,21
29,Human vs Intermediate,Human,48,19
14,Human vs Intermediate,Human,38,24
31,Human vs Intermediate,Human,48,17
24,Human vs Intermediate,Human,42,18
24,Human vs Intermediate,Human,46,22
26,Human vs Intermediate,Human,45,19
25,Human vs Intermediate,Human,47,22
27,Human vs Intermediate,Human,48,21
37,Human vs Intermediate,Human,54,17
32,Human vs Intermediate,Human,49,17
24,Human vs Intermediate,Human,44,20
34,Human vs Intermediate,Human,52,18
34,Human vs Intermediate,Human,51,17
22,Human vs Intermediate,Human,43,21
30,Human vs Intermediate,Human,49,19
34,Human vs Intermediate,Human,51,17
36,Human vs Intermediate,Human,53,17
34,Human vs Intermediate,Human,51,17
25,Human vs Intermediate,Human,43,18
33,Human vs Intermediate,Human,51,18
37,Human vs Intermediate,Human,53,16
28,Human vs Intermediate,Human,48,20
37,Human vs Intermediate,Human,53,16
25,Human vs Intermediate,Human,46,21
36,Human vs Intermediate,Human,55,19
27,Human vs Intermediate,Human,47,20
11,Human vs Intermediate,Human,37,26
23,Human vs Intermediate,Human,42,19
22,Human vs Intermediate,Human,43,21
32,Human vs Intermediate,Human,49,17
39,Human vs Intermediate,Human,55,16
30,Human vs Intermediate,Human,47,17
28,Human vs Intermediate,Human,47,19
26,Human vs Intermediate,Human,45,19
39,Human vs Intermediate,Human,52,13
31,Human vs Intermediate,Human,49,18
25,Human vs Intermediate,Human,44,19
28,Human vs Intermediate,Human,48,20
27,Human vs Intermediate,Human,47,20
23,Human vs Intermediate,Human,44,21
10,Human vs Intermediate,Human,37,27
33,Human vs Intermediate,Human,52,19
21,Human vs Intermediate,Human,41,20
29,Human vs Intermediate,Human,47,18
28,Human vs Intermediate,Human,48,20
35,Human vs Intermediate,Human,51,16
42,Human vs Intermediate,Human,57,15
38,Human vs Intermediate,Human,51,13
45,Human vs Intermediate,Human,58,13
32,Human vs Intermediate,Human,51,19
28,Human vs Intermediate,Human,45,17
28,Human vs Intermediate,Human,50,22
31,Human vs Intermediate,Human,49,18
22,Human vs Intermediate,Human,44,22
35,Human vs Intermediate,Human,51,16
27,Human vs Intermediate,Human,48,21
35,Human vs Intermediate,Human,52,17
31,Human vs Intermediate,Human,50,19
27,Human vs Intermediate,Human,45,18
35,Human vs Intermediate,Human,50,15
20,Human vs Intermediate,Human,43,23
36,Human vs Intermediate,Human,50,14
27,Human vs Intermediate,Human,47,20
21,Human vs Intermediate,Human,44,23
11,Human vs Intermediate,Human,36,25
10,Human vs Intermediate,Human,37,27
27,Human vs Intermediate,Human,47,20
22,Human vs Intermediate,Human,43,21
34,Human vs Intermediate,Human,50,16
28,Human vs Intermediate,Human,46,18
35,Human vs Intermediate,Human,50,15
18,Human vs Intermediate,Human,41,23
16,Human vs Intermediate,Human,41,25
24,Human vs Intermediate,Human,42,18
32,Human vs Intermediate,Human,50,18
17,Human vs Intermediate,Human,38,21
32,Human vs Intermediate,Human,48,16
35,Human vs Intermediate,Human,52,17
26,Human vs Intermediate,Human,45,19
39,Human vs Intermediate,Human,54,15
12,Human vs Intermediate,Human,39,27
23,Human vs Intermediate,Human,44,21
45,Human vs Intermediate,Human,58,13
18,Human vs Intermediate,Human,40,22
14,Human vs Intermediate,Human,39,25
37,Human vs Intermediate,Human,53,16
35,Human vs Intermediate,Human,50,15
37,Human vs Intermediate,Human,52,15
27,Human vs Intermediate,Human,49,22
32,Human vs Intermediate,Human,47,15
32,Human vs Intermediate,Human,48,16
35,Human vs Intermediate,Human,51,16
44,Human vs Intermediate,Human,57,13
26,Human vs Intermediate,Human,46,20
20,Human vs Intermediate,Human,42,22
25,Human vs Intermediate,Human,45,20
24,Human vs Intermediate,Human,43,19
29,Human vs Intermediate,Human,48,19
19,Human vs Intermediate,Human,42,23
28,Human vs Intermediate,Human,47,19
37,Human vs Intermediate,Human,53,16
28,Human vs Intermediate,Human,45,17
26,Human vs Intermediate,Human,46,20
15,Human vs Intermediate,Human,39,24
30,Human vs Intermediate,Human,49,19
34,Human vs Intermediate,Human,52,18
28,Human vs Intermediate,Human,47,19
20,Human vs Intermediate,Human,42,22
32,Human vs Intermediate,Human,51,19
6,Human vs Intermediate,Human,34,28
30,Human vs Intermediate,Human,49,19
18,Human vs Intermediate,Human,41,23
40,Human vs Intermediate,Human,56,16
33,Human vs Intermediate,Human,53,20
34,Human vs Intermediate,Human,49,15
47,Human vs Intermediate,Human,60,13
35,Human vs Intermediate,Human,51,16
32,Human vs Intermediate,Human,48,16
32,Human vs Intermediate,Human,50,18
32,Human vs Intermediate,Human,52,20
27,Human vs Intermediate,Human,45,18
31,Human vs Intermediate,Human,51,20
28,Human vs Intermediate,Human,48,20
30,Human vs Intermediate,Human,49,19
41,Human vs Intermediate,Human,57,16
33,Human vs Intermediate,Human,49,16
34,Human vs Intermediate,Human,49,15
32,Human vs Intermediate,Human,50,18
34,Human vs Intermediate,Human,53,19
23,Human vs Intermediate,Human,44,21
37,Human vs Intermediate,Human,54,17
18,Human vs Intermediate,Human,41,23
23,Human vs Intermediate,Human,45,22
19,Human vs Intermediate,Human,44,25
29,Human vs Intermediate,Human,48,19
30,Human vs Intermediate,Human,48,18
10,Human vs Intermediate,Human,37,27
24,Human vs Intermediate,Human,48,24
46,Human vs Intermediate,Human,60,14
26,Human vs Intermediate,Human,46,20
32,Human vs Intermediate,Human,51,19
41,Human vs Intermediate,Human,55,14
29,Human vs Intermediate,Human,47,18
31,Human vs Intermediate,Human,49,18
31,Human vs Intermediate,Human,47,16
32,Human vs Intermediate,Human,50,18
35,Human vs Intermediate,Human,49,14
38,Human vs Intermediate,Human,54,16
27,Human vs Intermediate,Human,47,20
38,Human vs Intermediate,Human,53,15
34,Human vs Intermediate,Human,48,14
36,Human vs Intermediate,Human,53,17
32,Human vs Intermediate,Human,51,19
29,Human vs Intermediate,Human,49,20
32,Human vs Intermediate,Human,51,19
24,Human vs Intermediate,Human,44,20
32,Human vs Intermediate,Human,48,16
34,Human vs Intermediate,Human,50,16
34,Human vs Intermediate,Human,50,16
7,Human vs Intermediate,Human,36,29
28,Human vs Intermediate,Human,47,19
36,Human vs Intermediate,Human,53,17
27,Human vs Intermediate,Human,47,20
36,Human vs Intermediate,Human,51,15
34,Human vs Intermediate,Human,51,17
34,Human vs Intermediate,Human,52,18
28,Human vs Intermediate,Human,47,19
21,Human vs Intermediate,Human,42,21
30,Human vs Intermediate,Human,49,19
30,Human vs Intermediate,Human,46,16
34,Human vs Intermediate,Human,51,17
32,Human vs Intermediate,Human,50,18
7,Human vs Intermediate,Human,37,30
27,Human vs Intermediate,Human,49,22
28,Human vs Intermediate,Human,47,19
31,Human vs Intermediate,Human,50,19
30,Human vs Intermediate,Human,50,20
26,Human vs Intermediate,Human,44,18
29,Human vs Intermediate,Human,48,19
20,Human vs Intermediate,Human,43,23
20,Human vs Intermediate,Human,43,23
36,Human vs Intermediate,Human,53,17
18,Human vs Intermediate,Human,42,24
28,Human vs Intermediate,Human,47,19
29,Human vs Intermediate,Human,49,20
46,Human vs Intermediate,Human,58,12
33,Human vs Intermediate,Human,53,20
23,Human vs Intermediate,Human,43,20
33,Human vs Intermediate,Human,50,17
31,Human vs Intermediate,Human,49,18
30,Human vs Intermediate,Human,49,19
45,Human vs Intermediate,Human,58,13
35,Human vs Intermediate,Human,52,17
30,Human vs Intermediate,Human,46,16
26,Human vs Intermediate,Human,46,20
31,Human vs Intermediate,Human,49,18
38,Human vs Intermediate,Human,53,15
35,Human vs Intermediate,Human,52,17
26,Human vs Intermediate,Human,45,19
31,Human vs Intermediate,Human,49,18
11,Human vs Intermediate,Human,36,25
20,Human vs Intermediate,Human,42,22
46,Human vs Intermediate,Human,60,14
23,Human vs Intermediate,Human,46,23
29,Human vs Intermediate,Human,50,21
28,Human vs Intermediate,Human,46,18
29,Human vs Intermediate,Human,46,17
27,Human vs Intermediate,Human,48,21
25,Human vs Intermediate,Human,47,22
30,Human vs Intermediate,Human,49,19
30,Human vs Intermediate,Human,52,22
34,Human vs Intermediate,Human,51,17
25,Human vs Intermediate,Human,45,20
40,Human vs Intermediate,Human,53,13
25,Human vs Intermediate,Human,46,21
32,Human vs Intermediate,Human,47,15
24,Human vs Intermediate,Human,46,22
35,Human vs Intermediate,Human,53,18
29,Human vs Intermediate,Human,49,20
15,Human vs Intermediate,Human,39,24
41,Human vs Intermediate,Human,54,13
34,Human vs Intermediate,Human,49,15
25,Human vs Intermediate,Human,47,22
29,Human vs Intermediate,Human,49,20
32,Human vs Intermediate,Human,50,18
29,Human vs Intermediate,Human,49,20
22,Human vs Intermediate,Human,44,22
27,Human vs Intermediate,Human,44,17
34,Human vs Intermediate,Human,52,18
25,Human vs Intermediate,Human,45,20
18,Human vs Intermediate,Human,42,24
33,Human vs Intermediate,Human,51,18
37,Human vs Intermediate,Human,52,15
19,Human vs Intermediate,Human,40,21
22,Human vs Intermediate,Human,46,24
30,Human vs Intermediate,Human,50,20
29,Human vs Intermediate,Human,47,18
26,Human vs Intermediate,Human,46,20
32,Human vs Intermediate,Human,51,19
20,Human vs Intermediate,Human,42,22
30,Human vs Intermediate,Human,49,19
32,Human vs Intermediate,Human,48,16
25,Human vs Intermediate,Human,44,19
25,Human vs Intermediate,Human,43,18
30,Human vs Intermediate,Human,47,17
24,Human vs Intermediate,Human,45,21
34,Human vs Intermediate,Human,52,18
32,Human vs Intermediate,Human,51,19
30,Human vs Intermediate,Human,49,19
40,Human vs Intermediate,Human,56,16
34,Human vs Intermediate,Human,50,16
27,Human vs Intermediate,Human,48,21
28,Human vs Intermediate,Human,47,19
31,Human vs Intermediate,Human,50,19
27,Human vs Intermediate,Human,46,19
30,Human vs Intermediate,Human,49,19
25,Human vs Intermediate,Human,45,20
36,Human vs Intermediate,Human,50,14
18,Human vs Intermediate,Human,41,23
21,Human vs Intermediate,Human,43,22
30,Human vs Intermediate,Human,48,18
23,Human vs Intermediate,Human,45,22
37,Human vs Intermediate,Human,54,17
20,Human vs Intermediate,Human,41,21
37,Human vs Intermediate,Human,50,13
28,Human vs Intermediate,Human,48,20
28,Human vs Intermediate,Human,47,19
30,Human vs Intermediate,Human,47,17
43,Human vs Intermediate,Human,56,13
25,Human vs Intermediate,Human,47,22
17,Human vs Intermediate,Human,41,24
34,Human vs Intermediate,Human,53,19
36,Human vs Intermediate,Human,52,16
34,Human vs Intermediate,Human,52,18
34,Human vs Intermediate,Human,50,16
30,Human vs Intermediate,Human,47,17
30,Human vs Intermediate,Human,48,18
21,Human vs Intermediate,Human,44,23
29,Human vs Intermediate,Human,46,17
28,Human vs Intermediate,Human,49,21
25,Human vs Intermediate,Human,45,20
41,Human vs Intermediate,Human,53,12
36,Human vs Intermediate,Human,53,17
35,Human vs Intermediate,Human,50,15
33,Human vs Intermediate,Human,50,17
40,Human vs Intermediate,Human,56,16
34,Human vs Intermediate,Human,49,15
22,Human vs Intermediate,Human,45,23
26,Human vs Intermediate,Human,46,20
28,Human vs Intermediate,Human,45,17
31,Human vs Intermediate,Human,49,18
21,Human vs Intermediate,Human,43,22
29,Human vs Intermediate,Human,46,17
22,Human vs Intermediate,Human,43,21
21,Human vs Intermediate,Human,44,23
11,Human vs Intermediate,Human,39,28
18,Human vs Intermediate,Human,41,23
26,Human vs Intermediate,Human,44,18
27,Human vs Intermediate,Human,47,20
29,Human vs Intermediate,Human,47,18
35,Human vs Intermediate,Human,50,15
17,Human vs Intermediate,Human,40,23
20,Human vs Intermediate,Human,41,21
27,Human vs Intermediate,Human,47,20
18,Human vs Intermediate,Human,41,23
46,Human vs Intermediate,Human,57,11
33,Human vs Intermediate,Human,51,18
30,Human vs Intermediate,Human,48,18
26,Human vs Intermediate,Human,47,21
37,Human vs Intermediate,Human,52,15
37,Human vs Intermediate,Human,53,16
34,Human vs Intermediate,Human,52,18
32,Human vs Intermediate,Human,50,18
28,Human vs Intermediate,Human,46,18
32,Human vs Intermediate,Human,50,18
21,Human vs Intermediate,Human,43,22
19,Human vs Intermediate,Human,41,22
31,Human vs Intermediate,Human,51,20
9,Human vs Intermediate,Human,38,29
42,Human vs Intermediate,Human,58,16
41,Human vs Intermediate,Human,54,13
36,Human vs Intermediate,Human,53,17
18,Human vs Intermediate,Human,39,21
34,Human vs Intermediate,Human,49,15
19,Human vs Intermediate,Human,41,22
28,Human vs Intermediate,Human,48,20
48,Human vs Intermediate,Human,60,12
30,Human vs Intermediate,Human,48,18
27,Human vs Intermediate,Human,47,20
31,Human vs Intermediate,Human,48,17
20,Human vs Intermediate,Human,42,22
27,Human vs Intermediate,Human,47,20
20,Human vs Intermediate,Human,44,24
35,Human vs Intermediate,Human,49,14
34,Human vs Intermediate,Human,51,17
36,Human vs Intermediate,Human,54,18
30,Human vs Intermediate,Human,49,19
25,Human vs Intermediate,Human,46,21
36,Human vs Intermediate,Human,54,18
36,Human vs Intermediate,Human,51,15
29,Human vs Intermediate,Human,47,18
22,Human vs Intermediate,Human,44,22
28,Human vs Intermediate,Human,48,20
39,Human vs Intermediate,Human,54,15
18,Human vs Intermediate,Human,41,23
44,Human vs Intermediate,Human,57,13
25,Human vs Intermediate,Human,49,24
26,Human vs Intermediate,Human,47,21
15,Human vs Intermediate,Human,40,25
40,Human vs Advanced,Human,45,5
48,Human vs Advanced,Human,52,4
37,Human vs Advanced,Human,47,10
25,Human vs Advanced,Human,47,22
48,Human vs Advanced,Human,51,3
39,Human vs Advanced,Human,46,7
38,Human vs Advanced,Human,53,15
30,Human vs Advanced,Human,43,13
36,Human vs Advanced,Human,42,6
41,Human vs Advanced,Human,44,3
39,Human vs Advanced,Human,43,4
43,Human vs Advanced,Human,44,1
44,Human vs Advanced,Human,49,5
34,Human vs Advanced,Human,41,7
39,Human vs Advanced,Human,45,6
49,Human vs Advanced,Human,53,4
33,Human vs Advanced,Human,44,11
48,Human vs Advanced,Human,53,5
44,Human vs Advanced,Human,51,7
39,Human vs Advanced,Human,46,7
33,Human vs Advanced,Human,46,13
42,Human vs Advanced,Human,48,6
36,Human vs Advanced,Human,45,9
24,Human vs Advanced,Human,43,19
33,Human vs Advanced,Human,46,13
41,Human vs Advanced,Human,52,11
34,Human vs Advanced,Human,39,5
45,Human vs Advanced,Human,48,3
53,Human vs Advanced,Human,58,5
28,Human vs Advanced,Human,44,16
38,Human vs Advanced,Human,42,4
36,Human vs Advanced,Human,47,11
34,Human vs Advanced,Human,41,7
35,Human vs Advanced,Human,45,10
42,Human vs Advanced,Human,49,7
41,Human vs Advanced,Human,47,6
42,Human vs Advanced,Human,52,10
44,Human vs Advanced,Human,53,9
51,Human vs Advanced,Human,55,4
37,Human vs Advanced,Human,44,7
44,Human vs Advanced,Human,48,4
30,Human vs Advanced,Human,45,15
41,Human vs Advanced,Human,50,9
33,Human vs Advanced,Human,44,11
36,Human vs Advanced,Human,47,11
36,Human vs Advanced,Human,44,8
37,Human vs Advanced,Human,46,9
32,Human vs Advanced,Human,42,10
36,Human vs Advanced,Human,47,11
49,Human vs Advanced,Human,54,5
38,Human vs Advanced,Human,42,4
42,Human vs Advanced,Human,49,7
32,Human vs Advanced,Human,48,16
38,Human vs Advanced,Human,50,12
45,Human vs Advanced,Human,55,10
40,Human vs Advanced,Human,46,6
40,Human vs Advanced,Human,46,6
42,Human vs Advanced,Human,47,5
46,Human vs Advanced,Human,50,4
47,Human vs Advanced,Human,54,7
57,Human vs Advanced,Human,63,6
54,Human vs Advanced,Human,57,3
36,Human vs Advanced,Human,49,13
46,Human vs Advanced,Human,52,6
39,Human vs Advanced,Human,46,7
43,Human vs Advanced,Human,52,9
40,Human vs Advanced,Human,46,6
48,Human vs Advanced,Human,53,5
48,Human vs Advanced,Human,57,9
30,Human vs Advanced,Human,43,13
41,Human vs Advanced,Human,48,7
45,Human vs Advanced,Human,50,5
41,Human vs Advanced,Human,51,10
43,Human vs Advanced,Human,49,6
41,Human vs Advanced,Human,50,9
39,Human vs Advanced,Human,46,7
32,Human vs Advanced,Human,50,18
41,Human vs Advanced,Human,49,8
50,Human vs Advanced,Human,52,2
31,Human vs Advanced,Human,37,6
39,Human vs Advanced,Human,50,11
50,Human vs Advanced,Human,55,5
48,Human vs Advanced,Human,53,5
49,Human vs Advanced,Human,52,3
39,Human vs Advanced,Human,50,11
49,Human vs Advanced,Human,50,1
15,Human vs Advanced,Human,44,29
40,Human vs Advanced,Human,50,10
38,Human vs Advanced,Human,46,8
46,Human vs Advanced,Human,53,7
29,Human vs Advanced,Human,44,15
39,Human vs Advanced,Human,39,0
35,Human vs Advanced,Human,47,12
44,Human vs Advanced,Human,52,8
42,Human vs Advanced,Human,52,10
44,Human vs Advanced,Human,56,12
37,Human vs Advanced,Human,43,6
42,Human vs Advanced,Human,51,9
30,Human vs Advanced,Human,49,19
43,Human vs Advanced,Human,50,7
42,Human vs Advanced,Human,50,8
37,Human vs Advanced,Human,50,13
47,Human vs Advanced,Human,50,3
40,Human vs Advanced,Human,45,5
45,Human vs Advanced,Human,54,9
43,Human vs Advanced,Human,50,7
39,Human vs Advanced,Human,54,15
37,Human vs Advanced,Human,48,11
53,Human vs Advanced,Human,60,7
40,Human vs Advanced,Human,50,10
41,Human vs Advanced,Human,47,6
28,Human vs Advanced,Human,45,17
51,Human vs Advanced,Human,55,4
29,Human vs Advanced,Human,41,12
38,Human vs Advanced,Human,50,12
30,Human vs Advanced,Human,39,9
38,Human vs Advanced,Human,47,9
38,Human vs Advanced,Human,47,9
35,Human vs Advanced,Human,42,7
45,Human vs Advanced,Human,53,8
33,Human vs Advanced,Human,40,7
50,Human vs Advanced,Human,56,6
41,Human vs Advanced,Human,47,6
52,Human vs Advanced,Human,56,4
47,Human vs Advanced,Human,50,3
29,Human vs Advanced,Human,43,14
37,Human vs Advanced,Human,47,10
42,Human vs Advanced,Human,51,9
38,Human vs Advanced,Human,45,7
32,Human vs Advanced,Human,43,11
30,Human vs Advanced,Human,40,10
47,Human vs Advanced,Human,55,8
41,Human vs Advanced,Human,46,5
43,Human vs Advanced,Human,50,7
28,Human vs Advanced,Human,46,18
38,Human vs Advanced,Human,54,16
47,Human vs Advanced,Human,51,4
45,Human vs Advanced,Human,50,5
41,Human vs Advanced,Human,51,10
39,Human vs Advanced,Human,43,4
49,Human vs Advanced,Human,56,7
47,Human vs Advanced,Human,56,9
33,Human vs Advanced,Human,46,13
34,Human vs Advanced,Human,42,8
32,Human vs Advanced,Human,45,13
33,Human vs Advanced,Human,46,13
39,Human vs Advanced,Human,51,12
36,Human vs Advanced,Human,43,7
47,Human vs Advanced,Human,52,5
48,Human vs Advanced,Human,54,6
39,Human vs Advanced,Human,47,8
37,Human vs Advanced,Human,45,8
43,Human vs Advanced,Human,51,8
40,Human vs Advanced,Human,46,6
38,Human vs Advanced,Human,49,11
39,Human vs Advanced,Human,47,8
35,Human vs Advanced,Human,45,10
47,Human vs Advanced,Human,53,6
38,Human vs Advanced,Human,46,8
39,Human vs Advanced,Human,45,6
30,Human vs Advanced,Human,42,12
40,Human vs Advanced,Human,49,9
21,Human vs Advanced,Human,35,14
40,Human vs Advanced,Human,48,8
42,Human vs Advanced,Human,50,8
35,Human vs Advanced,Human,39,4
37,Human vs Advanced,Human,47,10
40,Human vs Advanced,Human,47,7
32,Human vs Advanced,Human,39,7
47,Human vs Advanced,Human,53,6
29,Human vs Advanced,Human,49,20
46,Human vs Advanced,Human,49,3
52,Human vs Advanced,Human,57,5
41,Human vs Advanced,Human,48,7
35,Human vs Advanced,Human,43,8
41,Human vs Advanced,Human,48,7
42,Human vs Advanced,Human,45,3
47,Human vs Advanced,Human,51,4
41,Human vs Advanced,Human,47,6
36,Human vs Advanced,Human,45,9
42,Human vs Advanced,Human,46,4
33,Human vs Advanced,Human,44,11
36,Human vs Advanced,Human,49,13
39,Human vs Advanced,Human,46,7
23,Human vs Advanced,Human,33,10
32,Human vs Advanced,Human,44,12
40,Human vs Advanced,Human,50,10
26,Human vs Advanced,Human,43,17
46,Human vs Advanced,Human,50,4
46,Human vs Advanced,Human,52,6
38,Human vs Advanced,Human,46,8
33,Human vs Advanced,Human,45,12
55,Human vs Advanced,Human,58,3
42,Human vs Advanced,Human,52,10
32,Human vs Advanced,Human,44,12
37,Human vs Advanced,Human,50,13
36,Human vs Advanced,Human,46,10
52,Human vs Advanced,Human,53,1
45,Human vs Advanced,Human,56,11
31,Human vs Advanced,Human,42,11
51,Human vs Advanced,Human,56,5
42,Human vs Advanced,Human,47,5
45,Human vs Advanced,Human,50,5
39,Human vs Advanced,Human,48,9
44,Human vs Advanced,Human,51,7
31,Human vs Advanced,Human,44,13
38,Human vs Advanced,Human,44,6
38,Human vs Advanced,Human,45,7
44,Human vs Advanced,Human,51,7
48,Human vs Advanced,Human,52,4
41,Human vs Advanced,Human,43,2
35,Human vs Advanced,Human,44,9
36,Human vs Advanced,Human,48,12
39,Human vs Advanced,Human,47,8
47,Human vs Advanced,Human,53,6
49,Human vs Advanced,Human,54,5
45,Human vs Advanced,Human,51,6
33,Human vs Advanced,Human,43,10
47,Human vs Advanced,Human,54,7
42,Human vs Advanced,Human,50,8
56,Human vs Advanced,Human,60,4
47,Human vs Advanced,Human,53,6
31,Human vs Advanced,Human,39,8
47,Human vs Advanced,Human,50,3
39,Human vs Advanced,Human,53,14
41,Human vs Advanced,Human,50,9
34,Human vs Advanced,Human,45,11
25,Human vs Advanced,Human,39,14
35,Human vs Advanced,Human,43,8
45,Human vs Advanced,Human,50,5
28,Human vs Advanced,Human,44,16
49,Human vs Advanced,Human,54,5
39,Human vs Advanced,Human,47,8
51,Human vs Advanced,Human,53,2
47,Human vs Advanced,Human,55,8
47,Human vs Advanced,Human,52,5
42,Human vs Advanced,Human,46,4
23,Human vs Advanced,Human,42,19
18,Human vs Advanced,Human,42,24
40,Human vs Advanced,Human,47,7
30,Human vs Advanced,Human,43,13
48,Human vs Advanced,Human,51,3
40,Human vs Advanced,Human,48,8
53,Human vs Advanced,Human,56,3
35,Human vs Advanced,Human,48,13
33,Human vs Advanced,Human,49,16
34,Human vs Advanced,Human,44,10
50,Human vs Advanced,Human,54,4
57,Human vs Advanced,Human,59,2
51,Human vs Advanced,Human,53,2
43,Human vs Advanced,Human,48,5
34,Human vs Advanced,Human,47,13
22,Human vs Advanced,Human,45,23
19,Human vs Advanced,Human,38,19
43,Human vs Advanced,Human,46,3
37,Human vs Advanced,Human,51,14
24,Human vs Advanced,Human,37,13
43,Human vs Advanced,Human,48,5
50,Human vs Advanced,Human,53,3
34,Human vs Advanced,Human,50,16
43,Human vs Advanced,Human,48,5
31,Human vs Advanced,Human,42,11
41,Human vs Advanced,Human,47,6
36,Human vs Advanced,Human,46,10
36,Human vs Advanced,Human,43,7
39,Human vs Advanced,Human,51,12
29,Human vs Advanced,Human,43,14
35,Human vs Advanced,Human,43,8
39,Human vs Advanced,Human,47,8
37,Human vs Advanced,Human,46,9
38,Human vs Advanced,Human,45,7
43,Human vs Advanced,Human,49,6
49,Human vs Advanced,Human,54,5
51,Human vs Advanced,Human,52,1
36,Human vs Advanced,Human,51,15
38,Human vs Advanced,Human,45,7
31,Human vs Advanced,Human,38,7
48,Human vs Advanced,Human,54,6
47,Human vs Advanced,Human,47,0
17,Human vs Advanced,Human,36,19
35,Human vs Advanced,Human,42,7
32,Human vs Advanced,Human,46,14
48,Human vs Advanced,Human,55,7
34,Human vs Advanced,Human,42,8
41,Human vs Advanced,Human,48,7
38,Human vs Advanced,Human,47,9
30,Human vs Advanced,Human,42,12
50,Human vs Advanced,Human,54,4
30,Human vs Advanced,Human,45,15
21,Human vs Advanced,Human,38,17
43,Human vs Advanced,Human,48,5
46,Human vs Advanced,Human,60,14
40,Human vs Advanced,Human,46,6
15,Human vs Advanced,Human,36,21
38,Human vs Advanced,Human,45,7
45,Human vs Advanced,Human,47,2
41,Human vs Advanced,Human,48,7
26,Human vs Advanced,Human,41,15
38,Human vs Advanced,Human,44,6
52,Human vs Advanced,Human,54,2
37,Human vs Advanced,Human,44,7
47,Human vs Advanced,Human,52,5
49,Human vs Advanced,Human,54,5
58,Human vs Advanced,Human,63,5
45,Human vs Advanced,Human,53,8
28,Human vs Advanced,Human,40,12
38,Human vs Advanced,Human,50,12
35,Human vs Advanced,Human,48,13
41,Human vs Advanced,Human,45,4
38,Human vs Advanced,Human,43,5
34,Human vs Advanced,Human,46,12
38,Human vs Advanced,Human,44,6
20,Human vs Advanced,Human,44,24
37,Human vs Advanced,Human,49,12
33,Human vs Advanced,Human,41,8
39,Human vs Advanced,Human,46,7
42,Human vs Advanced,Human,53,11
37,Human vs Advanced,Human,48,11
48,Human vs Advanced,Human,55,7
42,Human vs Advanced,Human,49,7
43,Human vs Advanced,Human,52,9
33,Human vs Advanced,Human,40,7
46,Human vs Advanced,Human,49,3
48,Human vs Advanced,Human,55,7
38,Human vs Advanced,Human,47,9
31,Human vs Advanced,Human,42,11
39,Human vs Advanced,Human,41,2
40,Human vs Advanced,Human,53,13
46,Human vs Advanced,Human,54,8
42,Human vs Advanced,Human,52,10
35,Human vs Advanced,Human,43,8
20,Human vs Advanced,Human,39,19
25,Human vs Advanced,Human,40,15
38,Human vs Advanced,Human,48,10
40,Human vs Advanced,Human,49,9
43,Human vs Advanced,Human,46,3
48,Human vs Advanced,Human,50,2
41,Human vs Advanced,Human,48,7
48,Human vs Advanced,Human,54,6
35,Human vs Advanced,Human,44,9
44,Human vs Advanced,Human,48,4
35,Human vs Advanced,Human,46,11
23,Human vs Advanced,Human,43,20
45,Human vs Advanced,Human,53,8
31,Human vs Advanced,Human,40,9
33,Human vs Advanced,Human,41,8
54,Human vs Advanced,Human,54,0
40,Human vs Advanced,Human,50,10
49,Human vs Advanced,Human,55,6
50,Human vs Advanced,Human,55,5
40,Human vs Advanced,Human,49,9
41,Human vs Advanced,Human,47,6
32,Human vs Advanced,Human,48,16
46,Human vs Advanced,Human,49,3
40,Human vs Advanced,Human,47,7
51,Human vs Advanced,Human,57,6
43,Human vs Advanced,Human,46,3
41,Human vs Advanced,Human,46,5
57,Human vs Advanced,Human,59,2
33,Human vs Advanced,Human,45,12
50,Human vs Advanced,Human,52,2
41,Human vs Advanced,Human,48,7
36,Human vs Advanced,Human,43,7
33,Human vs Advanced,Human,39,6
37,Human vs Advanced,Human,45,8
33,Human vs Advanced,Human,45,12
38,Human vs Advanced,Human,46,8
24,Human vs Advanced,Human,40,16
41,Human vs Advanced,Human,47,6
26,Human vs Advanced,Human,38,12
43,Human vs Advanced,Human,49,6
44,Human vs Advanced,Human,53,9
33,Human vs Advanced,Human,42,9
43,Human vs Advanced,Human,50,7
35,Human vs Advanced,Human,46,11
29,Human vs Advanced,Human,45,16
41,Human vs Advanced,Human,48,7
36,Human vs Advanced,Human,46,10
49,Human vs Advanced,Human,49,0
40,Human vs Advanced,Human,49,9
44,Human vs Advanced,Human,50,6
28,Human vs Advanced,Human,42,14
36,Human vs Advanced,Human,39,3
36,Human vs Advanced,Human,48,12
46,Human vs Advanced,Human,48,2
37,Human vs Advanced,Human,51,14
52,Human vs Advanced,Human,56,4
53,Human vs Advanced,Human,58,5
53,Human vs Advanced,Human,58,5
47,Human vs Advanced,Human,49,2
43,Human vs Advanced,Human,52,9
52,Human vs Advanced,Human,57,5
41,Human vs Advanced,Human,50,9
51,Human vs Advanced,Human,54,3
42,Human vs Advanced,Human,52,10
38,Human vs Advanced,Human,51,13
32,Human vs Advanced,Human,46,14
40,Human vs Advanced,Human,45,5
45,Human vs Advanced,Human,48,3
42,Human vs Advanced,Human,52,10
31,Human vs Advanced,Human,41,10
32,Human vs Advanced,Human,47,15
39,Human vs Advanced,Human,53,14
34,Human vs Advanced,Human,45,11
34,Human vs Advanced,Human,46,12
45,Human vs Advanced,Human,51,6
43,Human vs Advanced,Human,52,9
36,Human vs Advanced,Human,46,10
45,Human vs Advanced,Human,49,4
43,Human vs Advanced,Human,52,9
36,Human vs Advanced,Human,44,8
44,Human vs Advanced,Human,49,5
37,Human vs Advanced,Human,47,10
32,Human vs Advanced,Human,44,12
32,Human vs Advanced,Human,45,13
55,Human vs Advanced,Human,56,1
48,Human vs Advanced,Human,50,2
34,Human vs Advanced,Human,44,10
43,Human vs Advanced,Human,47,4
51,Human vs Advanced,Human,55,4
39,Human vs Advanced,Human,43,4
42,Human vs Advanced,Human,44,2
33,Human vs Advanced,Human,44,11
38,Human vs Advanced,Human,47,9
40,Human vs Advanced,Human,52,12
33,Human vs Advanced,Human,45,12
41,Human vs Advanced,Human,46,5
46,Human vs Advanced,Human,51,5
39,Human vs Advanced,Human,50,11
45,Human vs Advanced,Human,48,3
44,Human vs Advanced,Human,47,3
51,Human vs Advanced,Human,58,7
44,Human vs Advanced,Human,49,5
34,Human vs Advanced,Human,46,12
46,Human vs Advanced,Human,52,6
45,Human vs Advanced,Human,45,0
34,Human vs Advanced,Human,44,10
26,Human vs Advanced,Human,39,13
49,Human vs Advanced,Human,53,4
36,Human vs Advanced,Human,46,10
44,Human vs Advanced,Human,52,8
43,Human vs Advanced,Human,52,9
37,Human vs Advanced,Human,44,7
42,Human vs Advanced,Human,47,5
37,Human vs Advanced,Human,47,10
43,Human vs Advanced,Human,46,3
40,Human vs Advanced,Human,46,6
48,Human vs Advanced,Human,52,4
32,Human vs Advanced,Human,45,13
41,Human vs Advanced,Human,46,5
52,Human vs Advanced,Human,54,2
51,Human vs Advanced,Human,53,2
46,Human vs Advanced,Human,47,1
46,Human vs Advanced,Human,50,4
37,Human vs Advanced,Human,45,8
46,Human vs Advanced,Human,49,3
36,Human vs Advanced,Human,43,7
28,Human vs Advanced,Human,44,16
38,Human vs Advanced,Human,46,8
47,Human vs Advanced,Human,50,3
42,Human vs Advanced,Human,51,9
34,Human vs Advanced,Human,52,18
32,Human vs Advanced,Human,40,8
33,Human vs Advanced,Human,41,8
48,Human vs Advanced,Human,52,4
37,Human vs Advanced,Human,47,10
22,Human vs Advanced,Human,38,16
46,Human vs Advanced,Human,48,2
48,Human vs Advanced,Human,51,3
37,Human vs Advanced,Human,43,6
26,Human vs Advanced,Human,44,18
28,Human vs Advanced,Human,39,11
30,Human vs Advanced,Human,38,8
45,Human vs Advanced,Human,54,9
26,Human vs Advanced,Human,45,19
51,Human vs Advanced,Human,57,6
47,Human vs Advanced,Human,51,4
31,Human vs Advanced,Human,37,6
46,Human vs Advanced,Human,48,2
44,Human vs Advanced,Human,49,5
45,Human vs Advanced,Human,51,6
43,Human vs Advanced,Human,45,2
30,Human vs Advanced,Human,45,15
53,Human vs Advanced,Human,55,2
36,Human vs Advanced,Human,47,11
49,Human vs Advanced,Human,49,0
40,Human vs Advanced,Human,50,10
35,Human vs Advanced,Human,42,7
44,Human vs Advanced,Human,51,7
31,Human vs Advanced,Human,42,11
41,Human vs Advanced,Human,48,7
40,Human vs Advanced,Human,51,11
49,Human vs Advanced,Human,54,5
36,Human vs Advanced,Human,51,15
38,Human vs Advanced,Human,49,11
29,Human vs Advanced,Human,40,11
32,Human vs Advanced,Human,41,9
44,Human vs Advanced,Human,49,5
44,Human vs Advanced,Human,49,5
42,Human vs Advanced,Human,46,4
45,Human vs Advanced,Human,45,0
44,Human vs Advanced,Human,47,3
38,Human vs Advanced,Human,47,9
40,Human vs Advanced,Human,50,10
40,Human vs Advanced,Human,46,6
43,Human vs Advanced,Human,50,7
38,Human vs Advanced,Human,46,8
38,Human vs Advanced,Human,46,8
55,Human vs Advanced,Human,57,2
39,Human vs Advanced,Human,47,8
37,Human vs Advanced,Human,39,2
40,Human vs Advanced,Human,44,4
44,Human vs Advanced,Human,50,6
46,Human vs Advanced,Human,48,2
45,Human vs Advanced,Human,50,5
43,Human vs Advanced,Human,48,5
42,Human vs Advanced,Human,48,6
43,Human vs Advanced,Human,49,6
43,Human vs Advanced,Human,48,5
45,Human vs Advanced,Human,49,4
38,Human vs Advanced,Human,46,8
38,Human vs Advanced,Human,48,10
46,Human vs Advanced,Human,50,4
37,Human vs Advanced,Human,44,7
36,Human vs Advanced,Human,42,6
42,Human vs Advanced,Human,47,5
47,Human vs Advanced,Human,47,0
38,Human vs Advanced,Human,45,7
64,Human vs Advanced,Human,65,1
45,Human vs Advanced,Human,51,6
40,Human vs Advanced,Human,47,7
46,Human vs Advanced,Human,50,4
33,Human vs Advanced,Human,47,14
48,Human vs Advanced,Human,54,6
34,Human vs Advanced,Human,41,7
39,Human vs Advanced,Human,50,11
38,Human vs Advanced,Human,43,5
37,Human vs Advanced,Human,50,13
42,Human vs Advanced,Human,50,8
35,Human vs Advanced,Human,44,9
46,Human vs Advanced,Human,48,2
55,Human vs Advanced,Human,57,2
24,Human vs Advanced,Human,40,16
41,Human vs Advanced,Human,52,11
36,Human vs Advanced,Human,46,10
36,Human vs Advanced,Human,47,11
44,Human vs Advanced,Human,49,5
26,Human vs Advanced,Human,44,18
46,Human vs Advanced,Human,50,4
31,Human vs Advanced,Human,45,14
50,Human vs Advanced,Human,52,2
41,Human vs Advanced,Human,54,13
43,Human vs Advanced,Human,49,6
24,Human vs Advanced,Human,37,13
42,Human vs Advanced,Human,46,4
39,Human vs Advanced,Human,48,9
43,Human vs Advanced,Human,47,4
48,Human vs Advanced,Human,51,3
53,Human vs Advanced,Human,57,4
48,Human vs Advanced,Human,53,5
46,Human vs Advanced,Human,48,2
46,Human vs Advanced,Human,52,6
46,Human vs Advanced,Human,50,4
38,Human vs Advanced,Human,44,6
36,Human vs Advanced,Human,52,16
31,Human vs Advanced,Human,44,13
42,Human vs Advanced,Human,45,3
40,Human vs Advanced,Human,51,11
37,Human vs Advanced,Human,47,10
33,Human vs Advanced,Human,43,10
42,Human vs Advanced,Human,48,6
39,Human vs Advanced,Human,53,14
45,Human vs Advanced,Human,50,5
46,Human vs Advanced,Human,49,3
46,Human vs Advanced,Human,54,8
23,Human vs Advanced,Human,37,14
34,Human vs Advanced,Human,44,10
31,Human vs Advanced,Human,40,9
32,Human vs Advanced,Human,51,19
33,Human vs Advanced,Human,43,10
36,Human vs Advanced,Human,46,10
48,Human vs Advanced,Human,54,6
30,Human vs Advanced,Human,45,15
33,Human vs Advanced,Human,46,13
40,Human vs Advanced,Human,47,7
32,Human vs Advanced,Human,39,7
43,Human vs Advanced,Human,51,8
36,Human vs Advanced,Human,46,10
38,Human vs Advanced,Human,48,10
41,Human vs Advanced,Human,47,6
42,Human vs Advanced,Human,50,8
31,Human vs Advanced,Human,50,19
44,Human vs Advanced,Human,49,5
29,Human vs Advanced,Human,35,6
42,Human vs Advanced,Human,50,8
33,Human vs Advanced,Human,42,9
38,Human vs Advanced,Human,45,7
39,Human vs Advanced,Human,48,9
26,Human vs Advanced,Human,40,14
34,Human vs Advanced,Human,47,13
42,Human vs Advanced,Human,50,8
42,Human vs Advanced,Human,49,7
28,Human vs Advanced,Human,41,13
19,Human vs Advanced,Human,44,25
38,Human vs Advanced,Human,49,11
38,Human vs Advanced,Human,48,10
36,Human vs Advanced,Human,45,9
41,Human vs Advanced,Human,52,11
38,Human vs Advanced,Human,47,9
39,Human vs Advanced,Human,46,7
39,Human vs Advanced,Human,45,6
28,Human vs Advanced,Human,36,8
36,Human vs Advanced,Human,49,13
37,Human vs Advanced,Human,46,9
45,Human vs Advanced,Human,46,1
44,Human vs Advanced,Human,51,7
37,Human vs Advanced,Human,41,4
32,Human vs Advanced,Human,42,10
45,Human vs Advanced,Human,50,5
27,Human vs Advanced,Human,45,18
46,Human vs Advanced,Human,50,4
27,Human vs Advanced,Human,41,14
46,Human vs Advanced,Human,51,5
47,Human vs Advanced,Human,52,5
46,Human vs Advanced,Human,52,6
42,Human vs Advanced,Human,48,6
37,Human vs Advanced,Human,44,7
36,Human vs Advanced,Human,44,8
46,Human vs Advanced,Human,49,3
36,Human vs Advanced,Human,40,4
53,Human vs Advanced,Human,60,7
50,Human vs Advanced,Human,54,4
54,Human vs Advanced,Human,55,1
34,Human vs Advanced,Human,46,12
38,Human vs Advanced,Human,47,9
54,Human vs Advanced,Human,59,5
44,Human vs Advanced,Human,53,9
45,Human vs Advanced,Human,48,3
33,Human vs Advanced,Human,44,11
36,Human vs Advanced,Human,47,11
35,Human vs Advanced,Human,49,14
35,Human vs Advanced,Human,49,14
46,Human vs Advanced,Human,49,3
15,Human vs Advanced,Human,37,22
27,Human vs Advanced,Human,40,13
39,Human vs Advanced,Human,45,6
42,Human vs Advanced,Human,50,8
45,Human vs Advanced,Human,50,5
36,Human vs Advanced,Human,40,4
31,Human vs Advanced,Human,48,17
39,Human vs Advanced,Human,46,7
41,Human vs Advanced,Human,49,8
32,Human vs Advanced,Human,42,10
33,Human vs Advanced,Human,41,8
40,Human vs Advanced,Human,51,11
43,Human vs Advanced,Human,55,12
38,Human vs Advanced,Human,49,11
50,Human vs Advanced,Human,57,7
27,Human vs Advanced,Human,45,18
47,Human vs Advanced,Human,49,2
41,Human vs Advanced,Human,49,8
48,Human vs Advanced,Human,50,2
53,Human vs Advanced,Human,55,2
41,Human vs Advanced,Human,47,6
37,Human vs Advanced,Human,45,8
43,Human vs Advanced,Human,49,6
43,Human vs Advanced,Human,49,6
41,Human vs Advanced,Human,49,8
30,Human vs Advanced,Human,40,10
31,Human vs Advanced,Human,45,14
47,Human vs Advanced,Human,48,1
42,Human vs Advanced,Human,52,10
49,Human vs Advanced,Human,54,5
45,Human vs Advanced,Human,46,1
39,Human vs Advanced,Human,49,10
32,Human vs Advanced,Human,42,10
34,Human vs Advanced,Human,48,14
39,Human vs Advanced,Human,47,8
51,Human vs Advanced,Human,53,2
49,Human vs Advanced,Human,52,3
32,Human vs Advanced,Human,45,13
38,Human vs Advanced,Human,46,8
32,Human vs Advanced,Human,40,8
48,Human vs Advanced,Human,49,1
41,Human vs Advanced,Human,47,6
49,Human vs Advanced,Human,55,6
29,Human vs Advanced,Human,38,9
54,Human vs Advanced,Human,59,5
37,Human vs Advanced,Human,44,7
39,Human vs Advanced,Human,44,5
34,Human vs Advanced,Human,44,10
25,Human vs Advanced,Human,46,21
46,Human vs Advanced,Human,52,6
39,Human vs Advanced,Human,41,2
42,Human vs Advanced,Human,45,3
46,Human vs Advanced,Human,49,3
35,Human vs Advanced,Human,47,12
49,Human vs Advanced,Human,52,3
26,Human vs Advanced,Human,43,17
43,Human vs Advanced,Human,46,3
31,Human vs Advanced,Human,42,11
45,Human vs Advanced,Human,51,6
41,Human vs Advanced,Human,48,7
48,Human vs Advanced,Human,53,5
51,Human vs Advanced,Human,54,3
50,Human vs Advanced,Human,58,8
48,Human vs Advanced,Human,56,8
31,Human vs Advanced,Human,46,15
35,Human vs Advanced,Human,46,11
59,Human vs Advanced,Human,62,3
19,Human vs Advanced,Human,35,16
46,Human vs Advanced,Human,52,6
28,Human vs Advanced,Human,38,10
42,Human vs Advanced,Human,50,8
37,Human vs Advanced,Human,42,5
46,Human vs Advanced,Human,49,3
39,Human vs Advanced,Human,45,6
36,Human vs Advanced,Human,48,12
41,Human vs Advanced,Human,50,9
29,Human vs Advanced,Human,43,14
41,Human vs Advanced,Human,51,10
38,Human vs Advanced,Human,46,8
28,Human vs Advanced,Human,39,11
45,Human vs Advanced,Human,50,5
33,Human vs Advanced,Human,39,6
37,Human vs Advanced,Human,44,7
35,Human vs Advanced,Human,43,8
39,Human vs Advanced,Human,52,13
43,Human vs Advanced,Human,52,9
25,Human vs Advanced,Human,42,17
44,Human vs Advanced,Human,48,4
33,Human vs Advanced,Human,43,10
43,Human vs Advanced,Human,47,4
23,Human vs Advanced,Human,38,15
44,Human vs Advanced,Human,48,4
34,Human vs Advanced,Human,47,13
30,Human vs Advanced,Human,45,15
38,Human vs Advanced,Human,45,7
38,Human vs Advanced,Human,47,9
41,Human vs Advanced,Human,50,9
51,Human vs Advanced,Human,60,9
41,Human vs Advanced,Human,46,5
50,Human vs Advanced,Human,54,4
26,Human vs Advanced,Human,40,14
45,Human vs Advanced,Human,50,5
37,Human vs Advanced,Human,47,10
54,Human vs Advanced,Human,60,6
26,Human vs Advanced,Human,40,14
31,Human vs Advanced,Human,43,12
36,Human vs Advanced,Human,46,10
45,Human vs Advanced,Human,53,8
32,Human vs Advanced,Human,45,13
41,Human vs Advanced,Human,55,14
38,Human vs Advanced,Human,43,5
42,Human vs Advanced,Human,42,0
47,Human vs Advanced,Human,52,5
27,Human vs Advanced,Human,40,13
42,Human vs Advanced,Human,52,10
46,Human vs Advanced,Human,48,2
41,Human vs Advanced,Human,49,8
42,Human vs Advanced,Human,50,8
40,Human vs Advanced,Human,53,13
44,Human vs Advanced,Human,47,3
44,Human vs Advanced,Human,50,6
39,Human vs Advanced,Human,46,7
23,Human vs Advanced,Human,39,16
43,Human vs Advanced,Human,50,7
36,Human vs Advanced,Human,49,13
44,Human vs Advanced,Human,49,5
46,Human vs Advanced,Human,52,6
56,Human vs Advanced,Human,59,3
38,Human vs Advanced,Human,46,8
46,Human vs Advanced,Human,52,6
49,Human vs Advanced,Human,54,5
44,Human vs Advanced,Human,52,8
24,Human vs Advanced,Human,35,11
25,Human vs Advanced,Human,41,16
22,Human vs Advanced,Human,40,18
36,Human vs Advanced,Human,48,12
39,Human vs Advanced,Human,50,11
27,Human vs Advanced,Human,42,15
43,Human vs Advanced,Human,52,9
46,Human vs Advanced,Human,50,4
59,Human vs Advanced,Human,60,1
32,Human vs Advanced,Human,46,14
34,Human vs Advanced,Human,51,17
50,Human vs Advanced,Human,54,4
47,Human vs Advanced,Human,48,1
35,Human vs Advanced,Human,51,16
42,Human vs Advanced,Human,46,4
35,Human vs Advanced,Human,45,10
30,Human vs Advanced,Human,43,13
39,Human vs Advanced,Human,54,15
43,Human vs Advanced,Human,48,5
38,Human vs Advanced,Human,43,5
49,Human vs Advanced,Human,54,5
41,Human vs Advanced,Human,49,8
49,Human vs Advanced,Human,54,5
37,Human vs Advanced,Human,47,10
44,Human vs Advanced,Human,51,7
22,Human vs Advanced,Human,35,13
39,Human vs Advanced,Human,47,8
39,Human vs Advanced,Human,45,6
33,Human vs Advanced,Human,46,13
48,Human vs Advanced,Human,50,2
42,Human vs Advanced,Human,50,8
38,Human vs Advanced,Human,50,12
35,Human vs Advanced,Human,42,7
48,Human vs Advanced,Human,53,5
28,Human vs Advanced,Human,42,14
47,Human vs Advanced,Human,49,2
38,Human vs Advanced,Human,47,9
42,Human vs Advanced,Human,46,4
48,Human vs Advanced,Human,53,5
42,Human vs Advanced,Human,48,6
43,Human vs Advanced,Human,51,8
37,Human vs Advanced,Human,46,9
35,Human vs Advanced,Human,46,11
38,Human vs Advanced,Human,50,12
45,Human vs Advanced,Human,48,3
43,Human vs Advanced,Human,49,6
35,Human vs Advanced,Human,49,14
42,Human vs Advanced,Human,50,8
35,Human vs Advanced,Human,47,12
56,Human vs Advanced,Human,60,4
39,Human vs Advanced,Human,55,16
43,Human vs Advanced,Human,51,8
36,Human vs Advanced,Human,43,7
37,Human vs Advanced,Human,47,10
42,Human vs Advanced,Human,47,5
40,Human vs Advanced,Human,43,3
43,Human vs Advanced,Human,49,6
37,Human vs Advanced,Human,51,14
39,Human vs Advanced,Human,45,6
43,Human vs Advanced,Human,43,0
38,Human vs Advanced,Human,43,5
40,Human vs Advanced,Human,49,9
48,Human vs Advanced,Human,52,4
33,Human vs Advanced,Human,43,10
54,Human vs Advanced,Human,59,5
47,Human vs Advanced,Human,52,5
56,Human vs Advanced,Human,59,3
38,Human vs Advanced,Human,49,11
35,Human vs Advanced,Human,45,10
50,Human vs Advanced,Human,51,1
41,Human vs Advanced,Human,52,11
41,Human vs Advanced,Human,47,6
48,Human vs Advanced,Human,52,4
32,Human vs Advanced,Human,40,8
45,Human vs Advanced,Human,56,11
53,Human vs Advanced,Human,56,3
51,Human vs Advanced,Human,58,7
43,Human vs Advanced,Human,47,4
33,Human vs Advanced,Human,40,7
41,Human vs Advanced,Human,46,5
40,Human vs Advanced,Human,49,9
39,Human vs Advanced,Human,48,9
41,Human vs Advanced,Human,46,5
29,Human vs Advanced,Human,42,13
41,Human vs Advanced,Human,48,7
29,Human vs Advanced,Human,41,12
49,Human vs Advanced,Human,56,7
36,Human vs Advanced,Human,45,9
46,Human vs Advanced,Human,50,4
56,Human vs Advanced,Human,62,6
38,Human vs Advanced,Human,48,10
29,Human vs Advanced,Human,40,11
23,Human vs Advanced,Human,39,16
36,Human vs Advanced,Human,48,12
43,Human vs Advanced,Human,52,9
54,Human vs Advanced,Human,59,5
38,Human vs Advanced,Human,45,7
39,Human vs Advanced,Human,47,8
41,Human vs Advanced,Human,45,4
33,Human vs Advanced,Human,44,11
34,Human vs Advanced,Human,54,20
40,Human vs Advanced,Human,49,9
36,Human vs Advanced,Human,46,10
47,Human vs Advanced,Human,56,9
39,Human vs Advanced,Human,40,1
29,Human vs Advanced,Human,40,11
52,Human vs Advanced,Human,59,7
40,Human vs Advanced,Human,46,6
47,Human vs Advanced,Human,56,9
46,Human vs Advanced,Human,51,5
37,Human vs Advanced,Human,41,4
26,Human vs Advanced,Human,40,14
28,Human vs Advanced,Human,44,16
45,Human vs Advanced,Human,49,4
34,Human vs Advanced,Human,46,12
42,Human vs Advanced,Human,48,6
28,Human vs Advanced,Human,39,11
44,Human vs Advanced,Human,51,7
47,Human vs Advanced,Human,51,4
37,Human vs Advanced,Human,45,8
42,Human vs Advanced,Human,53,11
27,Human vs Advanced,Human,40,13
45,Human vs Advanced,Human,50,5
38,Human vs Advanced,Human,51,13
55,Human vs Advanced,Human,61,6
47,Human vs Advanced,Human,48,1
43,Human vs Advanced,Human,45,2
34,Human vs Advanced,Human,44,10
40,Human vs Advanced,Human,47,7
34,Human vs Advanced,Human,44,10
26,Human vs Advanced,Human,39,13
50,Human vs Advanced,Human,52,2
32,Human vs Advanced,Human,37,5
44,Human vs Advanced,Human,50,6
46,Human vs Advanced,Human,50,4
41,Human vs Advanced,Human,50,9
29,Human vs Advanced,Human,43,14
25,Human vs Advanced,Human,39,14
32,Human vs Advanced,Human,44,12
39,Human vs Advanced,Human,50,11
30,Human vs Advanced,Human,39,9
41,Human vs Advanced,Human,48,7
54,Human vs Advanced,Human,58,4
41,Human vs Advanced,Human,46,5
52,Human vs Advanced,Human,57,5
46,Human vs Advanced,Human,50,4
42,Human vs Advanced,Human,48,6
40,Human vs Advanced,Human,46,6
27,Human vs Advanced,Human,46,19
34,Human vs Advanced,Human,45,11
32,Human vs Advanced,Human,38,6
34,Human vs Advanced,Human,44,10
38,Human vs Advanced,Human,47,9
39,Human vs Advanced,Human,52,13
30,Human vs Advanced,Human,42,12
40,Human vs Advanced,Human,49,9
37,Human vs Advanced,Human,44,7
34,Human vs Advanced,Human,43,9
53,Human vs Advanced,Human,54,1
33,Human vs Advanced,Human,47,14
24,Human vs Advanced,Human,38,14
24,Human vs Advanced,Human,44,20
32,Human vs Advanced,Human,44,12
51,Human vs Advanced,Human,56,5
35,Human vs Advanced,Human,48,13
36,Human vs Advanced,Human,42,6
42,Human vs Advanced,Human,43,1
35,Human vs Advanced,Human,41,6
55,Human vs Advanced,Human,59,4
39,Human vs Advanced,Human,47,8
27,Human vs Advanced,Human,40,13
37,Human vs Advanced,Human,45,8
43,Human vs Advanced,Human,54,11
40,Human vs Advanced,Human,49,9
54,Human vs Advanced,Human,57,3
36,Human vs Advanced,Human,48,12
44,Human vs Advanced,Human,49,5
32,Human vs Advanced,Human,43,11
39,Human vs Advanced,Human,45,6
45,Human vs Advanced,Human,50,5
50,Human vs Advanced,Human,55,5
43,Human vs Advanced,Human,50,7
46,Human vs Advanced,Human,50,4
37,Human vs Advanced,Human,46,9
49,Human vs Advanced,Human,56,7
25,Human vs Advanced,Human,45,20
28,Human vs Advanced,Human,38,10
38,Human vs Advanced,Human,43,5
39,Human vs Advanced,Human,47,8
29,Human vs Advanced,Human,41,12
40,Human vs Advanced,Human,47,7
43,Human vs Advanced,Human,48,5
42,Human vs Advanced,Human,48,6
36,Human vs Advanced,Human,47,11
48,Human vs Advanced,Human,51,3
39,Human vs Advanced,Human,48,9
38,Human vs Advanced,Human,45,7
59,Human vs Advanced,Human,60,1
41,Human vs Advanced,Human,45,4
53,Human vs Advanced,Human,57,4
40,Human vs Advanced,Human,48,8
58,Human vs Advanced,Human,59,1
35,Human vs Advanced,Human,40,5
42,Human vs Advanced,Human,47,5
33,Human vs Advanced,Human,49,16
43,Human vs Advanced,Human,50,7
33,Human vs Advanced,Human,43,10
34,Human vs Advanced,Human,42,8
37,Human vs Advanced,Human,38,1
44,Human vs Advanced,Human,49,5
53,Human vs Advanced,Human,58,5
24,Human vs Advanced,Human,42,18
48,Human vs Advanced,Human,50,2
45,Human vs Advanced,Human,50,5
38,Human vs Advanced,Human,46,8
35,Human vs Advanced,Human,47,12
47,Human vs Advanced,Human,51,4
39,Human vs Advanced,Human,48,9
35,Human vs Advanced,Human,46,11
47,Human vs Advanced,Human,55,8
31,Human vs Advanced,Human,39,8
44,Human vs Advanced,Human,51,7
41,Human vs Advanced,Human,48,7
34,Human vs Advanced,Human,43,9
43,Human vs Advanced,Human,47,4
9,Human vs Random,Random,41,32
7,Human vs Random,Human,36,29
10,Human vs Random,Human,41,31
11,Human vs Random,Human,38,27
3,Human vs Random,Human,37,34
8,Human vs Random,Human,39,31
7,Human vs Random,Human,35,28
6,Human vs Random,Human,37,31
5,Human vs Random,Human,40,35
2,Human vs Random,Human,34,32
2,Human vs Random,Human,36,34
13,Human vs Random,Human,39,26
9,Human vs Random,Human,39,30
2,Human vs Random,Random,36,34
6,Human vs Random,Human,40,34
1,Human vs Random,Random,35,34
6,Human vs Random,Human,35,29
13,Human vs Random,Random,41,28
5,Human vs Random,Human,33,28
8,Human vs Random,Random,39,31
7,Human vs Random,Random,37,30
2,Human vs Random,Human,33,31
8,Human vs Random,Random,40,32
11,Human vs Random,Random,36,25
1,Human vs Random,Human,35,34
5,Human vs Random,Human,37,32
1,Human vs Random,Human,35,34
12,Human vs Random,Random,40,28
5,Human vs Random,Random,38,33
0,Human vs Random,No one,36,36
5,Human vs Random,Random,34,29
12,Human vs Random,Human,39,27
4,Human vs Random,Human,36,32
8,Human vs Random,Human,33,25
5,Human vs Random,Random,34,29
5,Human vs Random,Random,40,35
9,Human vs Random,Random,37,28
10,Human vs Random,Human,33,23
16,Human vs Random,Human,42,26
8,Human vs Random,Random,37,29
15,Human vs Random,Human,42,27
18,Human vs Random,Random,44,26
1,Human vs Random,Human,35,34
9,Human vs Random,Random,37,28
6,Human vs Random,Human,37,31
20,Human vs Random,Random,43,23
8,Human vs Random,Human,37,29
0,Human vs Random,No one,33,33
5,Human vs Random,Random,39,34
9,Human vs Random,Random,39,30
5,Human vs Random,Random,36,31
8,Human vs Random,Random,35,27
10,Human vs Random,Random,39,29
14,Human vs Random,Random,40,26
15,Human vs Random,Human,41,26
4,Human vs Random,Human,36,32
6,Human vs Random,Human,35,29
4,Human vs Random,Human,31,27
15,Human vs Random,Human,44,29
8,Human vs Random,Human,36,28
2,Human vs Random,Human,34,32
3,Human vs Random,Human,33,30
5,Human vs Random,Random,36,31
2,Human vs Random,Human,33,31
8,Human vs Random,Human,36,28
4,Human vs Random,Human,36,32
7,Human vs Random,Human,39,32
2,Human vs Random,Random,35,33
7,Human vs Random,Random,39,32
2,Human vs Random,Random,32,30
4,Human vs Random,Random,37,33
1,Human vs Random,Human,33,32
7,Human vs Random,Human,41,34
7,Human vs Random,Random,39,32
1,Human vs Random,Random,30,29
4,Human vs Random,Random,36,32
8,Human vs Random,Human,40,32
1,Human vs Random,Random,34,33
2,Human vs Random,Random,34,32
3,Human vs Random,Random,31,28
9,Human vs Random,Human,36,27
12,Human vs Random,Random,39,27
4,Human vs Random,Random,35,31
7,Human vs Random,Human,38,31
3,Human vs Random,Human,38,35
0,Human vs Random,No one,34,34
4,Human vs Random,Random,38,34
7,Human vs Random,Human,41,34
8,Human vs Random,Random,37,29
2,Human vs Random,Random,37,35
14,Human vs Random,Human,40,26
1,Human vs Random,Human,31,30
3,Human vs Random,Random,30,27
8,Human vs Random,Random,36,28
2,Human vs Random,Random,32,30
4,Human vs Random,Random,34,30
12,Human vs Random,Random,38,26
5,Human vs Random,Random,34,29
8,Human vs Random,Human,37,29
18,Human vs Random,Random,45,27
15,Human vs Random,Human,41,26
6,Human vs Random,Human,34,28
12,Human vs Random,Random,42,30
1,Human vs Random,Random,34,33
2,Human vs Random,Human,34,32
17,Human vs Random,Human,39,22
5,Human vs Random,Random,34,29
3,Human vs Random,Human,31,28
3,Human vs Random,Human,35,32
0,Human vs Random,No one,31,31
6,Human vs Random,Random,34,28
12,Human vs Random,Random,41,29
8,Human vs Random,Human,39,31
0,Human vs Random,No one,36,36
6,Human vs Random,Random,33,27
11,Human vs Random,Random,40,29
5,Human vs Random,Random,33,28
5,Human vs Random,Random,34,29
8,Human vs Random,Human,43,35
2,Human vs Random,Human,33,31
3,Human vs Random,Human,37,34
5,Human vs Random,Random,36,31
4,Human vs Random,Random,33,29
3,Human vs Random,Human,33,30
8,Human vs Random,Human,38,30
23,Human vs Random,Random,42,19
8,Human vs Random,Random,36,28
0,Human vs Random,No one,35,35
11,Human vs Random,Random,40,29
6,Human vs Random,Random,37,31
6,Human vs Random,Human,32,26
6,Human vs Random,Human,36,30
24,Human vs Random,Human,46,22
5,Human vs Random,Random,35,30
4,Human vs Random,Human,34,30
16,Human vs Random,Human,42,26
2,Human vs Random,Human,34,32
5,Human vs Random,Human,35,30
13,Human vs Random,Random,41,28
8,Human vs Random,Random,40,32
8,Human vs Random,Human,40,32
3,Human vs Random,Random,33,30
1,Human vs Random,Random,37,36
18,Human vs Random,Human,44,26
12,Human vs Random,Human,41,29
9,Human vs Random,Random,37,28
0,Human vs Random,No one,33,33
9,Human vs Random,Human,37,28
0,Human vs Random,No one,31,31
14,Human vs Random,Human,43,29
6,Human vs Random,Random,36,30
8,Human vs Random,Human,38,30
6,Human vs Random,Random,38,32
2,Human vs Random,Random,34,32
2,Human vs Random,Random,35,33
0,Human vs Random,No one,33,33
6,Human vs Random,Random,38,32
6,Human vs Random,Human,34,28
8,Human vs Random,Human,35,27
4,Human vs Random,Human,36,32
7,Human vs Random,Random,34,27
2,Human vs Random,Random,34,32
5,Human vs Random,Random,31,26
4,Human vs Random,Human,34,30
10,Human vs Random,Random,38,28
2,Human vs Random,Human,35,33
6,Human vs Random,Random,35,29
2,Human vs Random,Random,34,32
1,Human vs Random,Human,33,32
6,Human vs Random,Random,34,28
14,Human vs Random,Human,42,28
5,Human vs Random,Random,37,32
5,Human vs Random,Human,34,29
6,Human vs Random,Random,38,32
5,Human vs Random,Random,36,31
7,Human vs Random,Human,38,31
3,Human vs Random,Random,34,31
4,Human vs Random,Random,35,31
5,Human vs Random,Human,40,35
7,Human vs Random,Random,40,33
1,Human vs Random,Human,34,33
15,Human vs Random,Random,40,25
7,Human vs Random,Random,39,32
0,Human vs Random,No one,38,38
8,Human vs Random,Random,39,31
5,Human vs Random,Random,38,33
5,Human vs Random,Random,33,28
11,Human vs Random,Human,38,27
8,Human vs Random,Human,36,28
9,Human vs Random,Random,37,28
0,Human vs Random,No one,33,33
6,Human vs Random,Random,35,29
16,Human vs Random,Human,45,29
2,Human vs Random,Human,36,34
2,Human vs Random,Random,31,29
7,Human vs Random,Human,36,29
1,Human vs Random,Human,34,33
1,Human vs Random,Human,36,35
12,Human vs Random,Random,37,25
3,Human vs Random,Random,38,35
1,Human vs Random,Human,33,32
16,Human vs Random,Random,38,22
5,Human vs Random,Random,34,29
1,Human vs Random,Human,35,34
9,Human vs Random,Random,34,25
18,Human vs Random,Random,42,24
4,Human vs Random,Human,37,33
14,Human vs Random,Random,40,26
8,Human vs Random,Human,40,32
8,Human vs Random,Random,35,27
2,Human vs Random,Random,32,30
19,Human vs Random,Random,43,24
2,Human vs Random,Random,37,35
5,Human vs Random,Random,36,31
3,Human vs Random,Random,35,32
12,Human vs Random,Random,37,25
3,Human vs Random,Random,34,31
10,Human vs Random,Random,37,27
4,Human vs Random,Human,30,26
4,Human vs Random,Random,37,33
9,Human vs Random,Random,41,32
0,Human vs Random,No one,35,35
2,Human vs Random,Human,34,32
7,Human vs Random,Human,38,31
5,Human vs Random,Random,36,31
0,Human vs Random,No one,38,38
8,Human vs Random,Random,39,31
12,Human vs Random,Random,37,25
12,Human vs Random,Random,40,28
3,Human vs Random,Random,37,34
3,Human vs Random,Human,32,29
1,Human vs Random,Random,32,31
4,Human vs Random,Human,32,28
9,Human vs Random,Human,36,27
1,Human vs Random,Random,35,34
2,Human vs Random,Human,30,28
8,Human vs Random,Random,33,25
5,Human vs Random,Human,36,31
10,Human vs Random,Human,39,29
12,Human vs Random,Random,38,26
10,Human vs Random,Human,36,26
9,Human vs Random,Random,35,26
9,Human vs Random,Human,37,28
7,Human vs Random,Random,37,30
17,Human vs Random,Random,39,22
8,Human vs Random,Human,38,30
13,Human vs Random,Random,40,27
6,Human vs Random,Random,39,33
9,Human vs Random,Human,38,29
2,Human vs Random,Random,38,36
9,Human vs Random,Human,37,28
2,Human vs Random,Human,32,30
6,Human vs Random,Human,35,29
9,Human vs Random,Random,40,31
9,Human vs Random,Human,37,28
7,Human vs Random,Random,36,29
1,Human vs Random,Random,31,30
9,Human vs Random,Human,38,29
0,Human vs Random,No one,34,34
13,Human vs Random,Human,40,27
4,Human vs Random,Human,31,27
17,Human vs Random,Human,42,25
6,Human vs Random,Random,35,29
2,Human vs Random,Random,34,32
9,Human vs Random,Human,36,27
5,Human vs Random,Random,34,29
3,Human vs Random,Human,37,34
10,Human vs Random,Random,37,27
3,Human vs Random,Human,35,32
10,Human vs Random,Human,36,26
11,Human vs Random,Random,40,29
5,Human vs Random,Human,33,28
3,Human vs Random,Human,34,31
0,Human vs Random,No one,28,28
9,Human vs Random,Human,38,29
4,Human vs Random,Human,40,36
5,Human vs Random,Random,38,33
9,Human vs Random,Human,39,30
7,Human vs Random,Human,33,26
3,Human vs Random,Human,41,38
1,Human vs Random,Random,29,28
6,Human vs Random,Random,36,30
5,Human vs Random,Human,37,32
1,Human vs Random,Random,35,34
2,Human vs Random,Human,37,35
0,Human vs Random,No one,36,36
14,Human vs Random,Random,44,30
6,Human vs Random,Human,34,28
2,Human vs Random,Random,35,33
15,Human vs Random,Human,36,21
0,Human vs Random,No one,36,36
2,Human vs Random,Random,34,32
2,Human vs Random,Random,38,36
15,Human vs Random,Human,40,25
16,Human vs Random,Random,43,27
10,Human vs Random,Random,38,28
9,Human vs Random,Random,38,29
12,Human vs Random,Human,44,32
3,Human vs Random,Random,33,30
0,Human vs Random,No one,36,36
1,Human vs Random,Random,29,28
13,Human vs Random,Random,38,25
8,Human vs Random,Human,36,28
8,Human vs Random,Random,40,32
0,Human vs Random,No one,35,35
15,Human vs Random,Random,39,24
3,Human vs Random,Random,33,30
1,Human vs Random,Random,38,37
5,Human vs Random,Random,35,30
14,Human vs Random,Random,38,24
4,Human vs Random,Random,37,33
6,Human vs Random,Human,34,28
3,Human vs Random,Human,35,32
7,Human vs Random,Random,38,31
4,Human vs Random,Human,36,32
12,Human vs Random,Human,36,24
11,Human vs Random,Random,39,28
7,Human vs Random,Random,39,32
1,Human vs Random,Random,34,33
10,Human vs Random,Human,35,25
1,Human vs Random,Random,36,35
16,Human vs Random,Random,39,23
2,Human vs Random,Random,34,32
5,Human vs Random,Human,36,31
2,Human vs Random,Human,35,33
1,Human vs Random,Random,34,33
5,Human vs Random,Human,37,32
4,Human vs Random,Random,38,34
2,Human vs Random,Human,35,33
26,Human vs Random,Human,48,22
6,Human vs Random,Random,36,30
19,Human vs Random,Human,43,24
7,Human vs Random,Random,37,30
1,Human vs Random,Random,30,29
14,Human vs Random,Random,39,25
11,Human vs Random,Random,39,28
12,Human vs Random,Random,38,26
2,Human vs Random,Random,36,34
24,Human vs Random,Random,47,23
8,Human vs Random,Human,41,33
10,Human vs Random,Human,36,26
1,Human vs Random,Random,32,31
3,Human vs Random,Random,38,35
3,Human vs Random,Random,33,30
5,Human vs Random,Random,36,31
8,Human vs Random,Human,40,32
6,Human vs Random,Random,35,29
4,Human vs Random,Human,37,33
0,Human vs Random,No one,34,34
1,Human vs Random,Human,34,33
6,Human vs Random,Random,33,27
7,Human vs Random,Random,39,32
14,Human vs Random,Human,40,26
9,Human vs Random,Random,41,32
3,Human vs Random,Random,29,26
8,Human vs Random,Random,41,33
6,Human vs Random,Random,38,32
2,Human vs Random,Random,36,34
7,Human vs Random,Random,35,28
3,Human vs Random,Random,35,32
10,Human vs Random,Human,45,35
6,Human vs Random,Human,33,27
12,Human vs Random,Random,39,27
3,Human vs Random,Human,36,33
6,Human vs Random,Random,39,33
1,Human vs Random,Human,35,34
2,Human vs Random,Random,37,35
5,Human vs Random,Human,40,35
16,Human vs Random,Human,43,27
14,Human vs Random,Random,45,31
2,Human vs Random,Random,31,29
1,Human vs Random,Human,36,35
4,Human vs Random,Human,38,34
9,Human vs Random,Human,37,28
13,Human vs Random,Human,38,25
14,Human vs Random,Random,40,26
3,Human vs Random,Random,37,34
4,Human vs Random,Human,36,32
7,Human vs Random,Human,37,30
6,Human vs Random,Random,38,32
13,Human vs Random,Random,39,26
8,Human vs Random,Random,37,29
2,Human vs Random,Random,36,34
1,Human vs Random,Random,34,33
7,Human vs Random,Human,40,33
11,Human vs Random,Random,41,30
16,Human vs Random,Random,42,26
7,Human vs Random,Random,38,31
13,Human vs Random,Random,46,33
1,Human vs Random,Human,34,33
10,Human vs Random,Random,41,31
3,Human vs Random,Human,29,26
2,Human vs Random,Human,36,34
5,Human vs Random,Human,39,34
13,Human vs Random,Random,41,28
3,Human vs Random,Human,36,33
5,Human vs Random,Random,35,30
15,Human vs Random,Human,39,24
12,Human vs Random,Human,37,25
9,Human vs Random,Human,41,32
7,Human vs Random,Human,35,28
24,Human vs Random,Human,47,23
16,Human vs Random,Human,43,27
6,Human vs Random,Human,39,33
10,Human vs Random,Random,38,28
17,Human vs Random,Random,42,25
5,Human vs Random,Human,35,30
5,Human vs Random,Random,39,34
7,Human vs Random,Random,36,29
8,Human vs Random,Human,34,26
10,Human vs Random,Random,36,26
6,Human vs Random,Human,33,27
12,Human vs Random,Random,43,31
12,Human vs Random,Random,39,27
2,Human vs Random,Human,36,34
6,Human vs Random,Human,38,32
14,Human vs Random,Human,35,21
2,Human vs Random,Human,38,36
5,Human vs Random,Human,32,27
5,Human vs Random,Human,35,30
11,Human vs Random,Human,36,25
4,Human vs Random,Random,36,32
18,Human vs Random,Human,44,26
2,Human vs Random,Human,35,33
7,Human vs Random,Random,37,30
13,Human vs Random,Random,35,22
6,Human vs Random,Random,33,27
2,Human vs Random,Human,32,30
1,Human vs Random,Human,33,32
10,Human vs Random,Human,39,29
13,Human vs Random,Random,42,29
3,Human vs Random,Random,34,31
5,Human vs Random,Human,38,33
1,Human vs Random,Human,35,34
14,Human vs Random,Human,43,29
3,Human vs Random,Human,37,34
14,Human vs Random,Random,41,27
1,Human vs Random,Human,33,32
7,Human vs Random,Random,36,29
2,Human vs Random,Random,36,34
2,Human vs Random,Human,34,32
1,Human vs Random,Random,36,35
5,Human vs Random,Random,38,33
9,Human vs Random,Random,41,32
0,Human vs Random,No one,34,34
11,Human vs Random,Random,40,29
6,Human vs Random,Human,33,27
1,Human vs Random,Human,30,29
8,Human vs Random,Random,35,27
3,Human vs Random,Human,35,32
6,Human vs Random,Human,38,32
8,Human vs Random,Random,34,26
2,Human vs Random,Random,34,32
17,Human vs Random,Human,42,25
9,Human vs Random,Random,37,28
5,Human vs Random,Human,38,33
2,Human vs Random,Human,28,26
1,Human vs Random,Human,34,33
5,Human vs Random,Human,34,29
1,Human vs Random,Human,38,37
1,Human vs Random,Random,32,31
4,Human vs Random,Human,33,29
1,Human vs Random,Human,37,36
13,Human vs Random,Human,41,28
4,Human vs Random,Human,39,35
7,Human vs Random,Random,40,33
11,Human vs Random,Human,38,27
11,Human vs Random,Random,39,28
9,Human vs Random,Random,40,31
1,Human vs Random,Human,36,35
3,Human vs Random,Human,38,35
17,Human vs Random,Human,41,24
3,Human vs Random,Human,29,26
8,Human vs Random,Random,40,32
9,Human vs Random,Human,39,30
10,Human vs Random,Human,36,26
12,Human vs Random,Human,41,29
18,Human vs Random,Random,44,26
8,Human vs Random,Random,38,30
6,Human vs Random,Human,36,30
2,Human vs Random,Random,33,31
1,Human vs Random,Random,35,34
11,Human vs Random,Random,39,28
1,Human vs Random,Human,32,31
5,Human vs Random,Random,36,31
22,Human vs Random,Random,42,20
7,Human vs Random,Human,32,25
5,Human vs Random,Human,32,27
8,Human vs Random,Human,41,33
9,Human vs Random,Human,34,25
9,Human vs Random,Human,38,29
4,Human vs Random,Human,33,29
16,Human vs Random,Random,45,29
4,Human vs Random,Human,43,39
1,Human vs Random,Human,27,26
5,Human vs Random,Human,39,34
0,Human vs Random,No one,32,32
2,Human vs Random,Human,37,35
5,Human vs Random,Random,34,29
6,Human vs Random,Human,36,30
6,Human vs Random,Human,33,27
0,Human vs Random,No one,33,33
5,Human vs Random,Human,35,30
3,Human vs Random,Human,39,36
2,Human vs Random,Human,35,33
5,Human vs Random,Human,33,28
12,Human vs Random,Human,39,27
4,Human vs Random,Random,36,32
0,Human vs Random,No one,29,29
3,Human vs Random,Human,38,35
2,Human vs Random,Human,36,34
7,Human vs Random,Random,39,32
2,Human vs Random,Human,36,34
3,Human vs Random,Random,40,37
9,Human vs Random,Human,34,25
5,Human vs Random,Random,37,32
3,Human vs Random,Random,38,35
6,Human vs Random,Random,43,37
3,Human vs Random,Random,34,31
11,Human vs Random,Random,42,31
4,Human vs Random,Random,41,37
5,Human vs Random,Random,35,30
11,Human vs Random,Random,33,22
8,Human vs Random,Random,36,28
0,Human vs Random,No one,34,34
2,Human vs Random,Human,33,31
8,Human vs Random,Human,39,31
3,Human vs Random,Random,34,31
9,Human vs Random,Random,37,28
3,Human vs Random,Random,36,33
5,Human vs Random,Random,34,29
6,Human vs Random,Random,33,27
2,Human vs Random,Human,33,31
5,Human vs Random,Random,31,26
5,Human vs Random,Random,38,33
11,Human vs Random,Human,39,28
6,Human vs Random,Human,34,28
0,Human vs Random,No one,36,36
1,Human vs Random,Random,36,35
6,Human vs Random,Human,37,31
6,Human vs Random,Random,32,26
9,Human vs Random,Human,40,31
8,Human vs Random,Random,42,34
16,Human vs Random,Random,40,24
7,Human vs Random,Human,34,27
0,Human vs Random,No one,34,34
7,Human vs Random,Human,39,32
9,Human vs Random,Random,38,29
9,Human vs Random,Random,37,28
3,Human vs Random,Human,32,29
4,Human vs Random,Human,35,31
20,Human vs Random,Random,43,23
5,Human vs Random,Human,38,33
8,Human vs Random,Random,40,32
1,Human vs Random,Random,31,30
1,Human vs Random,Human,33,32
1,Human vs Random,Human,33,32
1,Human vs Random,Human,34,33
3,Human vs Random,Random,37,34
0,Human vs Random,No one,30,30
3,Human vs Random,Human,35,32
1,Human vs Random,Random,36,35
3,Human vs Random,Random,35,32
2,Human vs Random,Random,35,33
9,Human vs Random,Human,37,28
16,Human vs Random,Human,41,25
2,Human vs Random,Random,32,30
13,Human vs Random,Human,38,25
12,Human vs Random,Random,36,24
4,Human vs Random,Random,35,31
10,Human vs Random,Human,37,27
1,Human vs Random,Human,35,34
3,Human vs Random,Random,38,35
1,Human vs Random,Human,34,33
3,Human vs Random,Random,37,34
5,Human vs Random,Human,33,28
9,Human vs Random,Human,36,27
1,Human vs Random,Human,36,35
8,Human vs Random,Human,37,29
3,Human vs Random,Random,34,31
21,Human vs Random,Human,46,25
3,Human vs Random,Human,36,33
5,Human vs Random,Random,35,30
7,Human vs Random,Random,37,30
14,Human vs Random,Human,40,26
7,Human vs Random,Random,40,33
2,Human vs Random,Human,31,29
5,Human vs Random,Random,37,32
13,Human vs Random,Human,38,25
13,Human vs Random,Human,36,23
6,Human vs Random,Random,33,27
2,Human vs Random,Human,33,31
7,Human vs Random,Human,32,25
9,Human vs Random,Human,37,28
1,Human vs Random,Human,33,32
3,Human vs Random,Random,35,32
2,Human vs Random,Human,35,33
1,Human vs Random,Human,30,29
1,Human vs Random,Random,36,35
3,Human vs Random,Human,29,26
4,Human vs Random,Random,36,32
15,Human vs Random,Human,42,27
7,Human vs Random,Random,42,35
7,Human vs Random,Human,35,28
2,Human vs Random,Random,35,33
12,Human vs Random,Random,39,27
1,Human vs Random,Random,34,33
15,Human vs Random,Random,46,31
5,Human vs Random,Random,38,33
6,Human vs Random,Human,35,29
7,Human vs Random,Random,39,32
3,Human vs Random,Random,35,32
1,Human vs Random,Human,32,31
7,Human vs Random,Human,38,31
3,Human vs Random,Human,31,28
9,Human vs Random,Random,37,28
3,Human vs Random,Random,35,32
7,Human vs Random,Random,34,27
3,Human vs Random,Random,41,38
5,Human vs Random,Human,39,34
3,Human vs Random,Random,34,31
18,Human vs Random,Random,42,24
1,Human vs Random,Random,36,35
6,Human vs Random,Random,32,26
16,Human vs Random,Human,41,25
10,Human vs Random,Random,42,32
11,Human vs Random,Random,42,31
4,Human vs Random,Human,36,32
4,Human vs Random,Random,34,30
1,Human vs Random,Random,35,34
13,Human vs Random,Random,39,26
10,Human vs Random,Random,38,28
1,Human vs Random,Human,32,31
2,Human vs Random,Random,36,34
0,Human vs Random,No one,34,34
20,Human vs Random,Human,43,23
9,Human vs Random,Human,40,31
3,Human vs Random,Random,35,32
10,Human vs Random,Human,39,29
1,Human vs Random,Human,33,32
11,Human vs Random,Human,39,28
2,Human vs Random,Random,34,32
4,Human vs Random,Human,38,34
3,Human vs Random,Human,39,36
2,Human vs Random,Human,32,30
3,Human vs Random,Random,36,33
28,Human vs Random,Human,48,20
3,Human vs Random,Random,42,39
0,Human vs Random,No one,34,34
12,Human vs Random,Random,41,29
14,Human vs Random,Human,40,26
7,Human vs Random,Random,40,33
20,Human vs Random,Random,42,22
17,Human vs Random,Random,41,24
2,Human vs Random,Random,34,32
11,Human vs Random,Random,38,27
2,Human vs Random,Human,35,33
7,Human vs Random,Human,33,26
2,Human vs Random,Human,34,32
7,Human vs Random,Random,39,32
3,Human vs Random,Random,35,32
2,Human vs Random,Random,35,33
3,Human vs Random,Human,33,30
0,Human vs Random,No one,33,33
0,Human vs Random,No one,30,30
23,Human vs Random,Human,45,22
5,Human vs Random,Random,37,32
2,Human vs Random,Random,31,29
6,Human vs Random,Human,30,24
8,Human vs Random,Random,36,28
1,Human vs Random,Random,33,32
3,Human vs Random,Human,39,36
7,Human vs Random,Random,39,32
6,Human vs Random,Human,39,33
10,Human vs Random,Human,39,29
11,Human vs Random,Random,44,33
2,Human vs Random,Random,39,37
2,Human vs Random,Human,33,31
6,Human vs Random,Human,35,29
13,Human vs Random,Random,40,27
8,Human vs Random,Random,37,29
30,Human vs Random,Human,47,17
1,Human vs Random,Human,36,35
5,Human vs Random,Random,36,31
2,Human vs Random,Human,32,30
5,Human vs Random,Random,36,31
11,Human vs Random,Human,38,27
2,Human vs Random,Human,35,33
21,Human vs Random,Human,45,24
12,Human vs Random,Random,40,28
3,Human vs Random,Random,33,30
3,Human vs Random,Human,33,30
2,Human vs Random,Random,35,33
2,Human vs Random,Human,33,31
4,Human vs Random,Human,36,32
6,Human vs Random,Human,38,32
10,Human vs Random,Random,35,25
2,Human vs Random,Human,32,30
9,Human vs Random,Human,41,32
15,Human vs Random,Human,43,28
8,Human vs Random,Human,41,33
14,Human vs Random,Human,39,25
8,Human vs Random,Random,37,29
14,Human vs Random,Random,39,25
9,Human vs Random,Human,39,30
2,Human vs Random,Human,34,32
4,Human vs Random,Human,35,31
3,Human vs Random,Human,34,31
4,Human vs Random,Human,33,29
4,Human vs Random,Random,32,28
1,Human vs Random,Human,34,33
16,Human vs Random,Human,43,27
6,Human vs Random,Human,36,30
8,Human vs Random,Random,39,31
4,Human vs Random,Human,40,36
0,Human vs Random,No one,36,36
3,Human vs Random,Human,33,30
0,Human vs Random,No one,36,36
6,Human vs Random,Random,42,36
9,Human vs Random,Human,37,28
3,Human vs Random,Human,32,29
10,Human vs Random,Random,35,25
8,Human vs Random,Random,33,25
0,Human vs Random,No one,34,34
6,Human vs Random,Random,36,30
1,Human vs Random,Random,35,34
2,Human vs Random,Random,35,33
5,Human vs Random,Random,33,28
4,Human vs Random,Random,32,28
14,Human vs Random,Random,41,27
10,Human vs Random,Human,37,27
1,Human vs Random,Random,32,31
2,Human vs Random,Human,36,34
6,Human vs Random,Human,32,26
14,Human vs Random,Human,43,29
7,Human vs Random,Human,35,28
2,Human vs Random,Human,37,35
6,Human vs Random,Human,40,34
0,Human vs Random,No one,31,31
2,Human vs Random,Human,36,34
2,Human vs Random,Random,35,33
0,Human vs Random,No one,32,32
4,Human vs Random,Human,38,34
10,Human vs Random,Human,38,28
1,Human vs Random,Human,36,35
10,Human vs Random,Human,43,33
1,Human vs Random,Human,29,28
23,Human vs Random,Human,48,25
3,Human vs Random,Random,34,31
0,Human vs Random,No one,34,34
3,Human vs Random,Random,33,30
10,Human vs Random,Human,40,30
2,Human vs Random,Random,37,35
19,Human vs Random,Human,46,27
21,Human vs Random,Human,42,21
3,Human vs Random,Random,32,29
3,Human vs Random,Random,33,30
2,Human vs Random,Human,34,32
2,Human vs Random,Human,37,35
3,Human vs Random,Random,33,30
4,Human vs Random,Random,28,24
1,Human vs Random,Human,32,31
12,Human vs Random,Human,41,29
8,Human vs Random,Human,35,27
8,Human vs Random,Human,36,28
4,Human vs Random,Human,34,30
7,Human vs Random,Random,37,30
5,Human vs Random,Random,39,34
11,Human vs Random,Human,38,27
2,Human vs Random,Random,35,33
5,Human vs Random,Human,35,30
5,Human vs Random,Human,37,32
5,Human vs Random,Random,35,30
13,Human vs Random,Random,35,22
13,Human vs Random,Random,37,24
1,Human vs Random,Random,32,31
8,Human vs Random,Random,35,27
11,Human vs Random,Human,35,24
2,Human vs Random,Random,30,28
3,Human vs Random,Human,36,33
18,Human vs Random,Human,37,19
13,Human vs Random,Random,40,27
11,Human vs Random,Random,35,24
3,Human vs Random,Random,38,35
2,Human vs Random,Human,32,30
5,Human vs Random,Random,35,30
6,Human vs Random,Random,41,35
7,Human vs Random,Human,37,30
3,Human vs Random,Random,36,33
1,Human vs Random,Human,37,36
8,Human vs Random,Human,32,24
12,Human vs Random,Human,37,25
1,Human vs Random,Random,32,31
2,Human vs Random,Random,32,30
3,Human vs Random,Human,35,32
13,Human vs Random,Random,41,28
9,Human vs Random,Human,38,29
10,Human vs Random,Human,39,29
1,Human vs Random,Human,30,29
2,Human vs Random,Random,36,34
6,Human vs Random,Random,36,30
6,Human vs Random,Random,39,33
4,Human vs Random,Human,38,34
0,Human vs Random,No one,32,32
7,Human vs Random,Human,39,32
4,Human vs Random,Random,34,30
5,Human vs Random,Random,32,27
4,Human vs Random,Random,31,27
10,Human vs Random,Human,37,27
5,Human vs Random,Human,38,33
1,Human vs Random,Human,35,34
11,Human vs Random,Human,41,30
3,Human vs Random,Human,31,28
7,Human vs Random,Human,39,32
14,Human vs Random,Human,41,27
8,Human vs Random,Human,40,32
7,Human vs Random,Random,40,33
9,Human vs Random,Human,38,29
16,Human vs Random,Human,42,26
4,Human vs Random,Random,30,26
5,Human vs Random,Human,33,28
7,Human vs Random,Random,34,27
10,Human vs Random,Human,37,27
5,Human vs Random,Human,30,25
1,Human vs Random,Human,32,31
10,Human vs Random,Random,38,28
1,Human vs Random,Human,35,34
10,Human vs Random,Human,43,33
8,Human vs Random,Human,33,25
0,Human vs Random,No one,35,35
19,Human vs Random,Human,40,21
5,Human vs Random,Human,35,30
6,Human vs Random,Random,34,28
8,Human vs Random,Random,41,33
7,Human vs Random,Random,33,26
14,Human vs Random,Human,38,24
4,Human vs Random,Random,33,29
3,Human vs Random,Human,35,32
1,Human vs Random,Random,31,30
3,Human vs Random,Random,28,25
7,Human vs Random,Human,36,29
4,Human vs Random,Human,35,31
2,Human vs Random,Random,34,32
7,Human vs Random,Random,39,32
22,Human vs Random,Human,39,17
3,Human vs Random,Human,39,36
5,Human vs Random,Random,38,33
21,Human vs Random,Random,47,26
3,Human vs Random,Random,34,31
5,Human vs Random,Random,39,34
4,Human vs Random,Random,30,26
6,Human vs Random,Random,37,31
5,Human vs Random,Random,38,33
11,Human vs Random,Human,40,29
2,Human vs Random,Human,34,32
11,Human vs Random,Human,38,27
13,Human vs Random,Human,41,28
14,Human vs Random,Human,42,28
5,Human vs Random,Random,37,32
11,Human vs Random,Random,42,31
3,Human vs Random,Human,36,33
3,Human vs Random,Random,34,31
5,Human vs Random,Human,35,30
0,Human vs Random,No one,35,35
1,Human vs Random,Human,32,31
7,Human vs Random,Human,37,30
5,Human vs Random,Random,40,35
1,Human vs Random,Human,29,28
17,Human vs Random,Random,42,25
1,Human vs Random,Human,36,35
0,Human vs Random,No one,34,34
12,Human vs Random,Random,36,24
1,Human vs Random,Human,31,30
3,Human vs Random,Random,35,32
6,Human vs Random,Human,37,31
3,Human vs Random,Human,35,32
6,Human vs Random,Random,38,32
6,Human vs Random,Human,33,27
4,Human vs Random,Human,31,27
2,Human vs Random,Human,35,33
12,Human vs Random,Random,39,27
1,Human vs Random,Random,29,28
8,Human vs Random,Human,37,29
2,Human vs Random,Random,40,38
2,Human vs Random,Human,33,31
4,Human vs Random,Human,36,32
1,Human vs Random,Random,36,35
1,Human vs Random,Random,30,29
4,Human vs Random,Random,36,32
9,Human vs Random,Random,42,33
1,Human vs Random,Human,32,31
3,Human vs Random,Human,37,34
2,Human vs Random,Random,35,33
20,Human vs Random,Human,47,27
12,Human vs Random,Random,40,28
3,Human vs Random,Random,33,30
1,Human vs Random,Random,30,29
12,Human vs Random,Random,37,25
13,Human vs Random,Random,40,27
5,Human vs Random,Random,39,34
12,Human vs Random,Human,41,29
11,Human vs Random,Random,38,27
5,Human vs Random,Random,36,31
2,Human vs Random,Human,36,34
5,Human vs Random,Human,35,30
2,Human vs Random,Human,37,35
10,Human vs Random,Random,41,31
3,Human vs Random,Random,35,32
3,Human vs Random,Random,35,32
0,Human vs Random,No one,33,33
4,Human vs Random,Random,36,32
4,Human vs Random,Human,36,32
15,Human vs Random,Random,43,28
9,Human vs Random,Human,35,26
9,Human vs Random,Human,38,29
2,Human vs Random,Random,35,33
1,Human vs Random,Random,33,32
9,Human vs Random,Human,40,31
4,Human vs Random,Human,35,31
2,Human vs Random,Human,36,34
8,Human vs Random,Human,41,33
2,Human vs Random,Human,35,33
2,Human vs Random,Random,38,36
6,Human vs Random,Human,36,30
9,Human vs Random,Human,39,30
10,Human vs Random,Human,39,29
12,Human vs Random,Random,40,28
4,Human vs Random,Random,34,30
0,Human vs Random,No one,35,35
13,Human vs Random,Human,38,25
7,Human vs Random,Random,37,30
2,Human vs Random,Human,35,33
1,Human vs Random,Human,33,32
4,Human vs Random,Human,35,31
6,Human vs Random,Random,38,32
12,Human vs Random,Random,40,28
3,Human vs Random,Human,35,32
3,Human vs Random,Human,32,29
6,Human vs Random,Random,37,31
2,Human vs Random,Random,35,33
0,Human vs Random,No one,34,34
3,Human vs Random,Human,34,31
13,Human vs Random,Human,41,28
0,Human vs Random,No one,34,34
4,Human vs Random,Random,37,33
9,Human vs Random,Random,37,28
1,Human vs Random,Random,38,37
1,Human vs Random,Random,34,33
11,Human vs Random,Human,37,26
7,Human vs Random,Human,36,29
2,Human vs Random,Human,33,31
2,Human vs Random,Random,31,29
1,Human vs Random,Random,32,31
8,Human vs Random,Human,34,26
6,Human vs Random,Human,33,27
18,Human vs Random,Human,40,22
3,Human vs Random,Human,31,28
14,Human vs Random,Random,42,28
5,Human vs Random,Human,37,32
7,Human vs Random,Random,37,30
9,Human vs Random,Random,36,27
10,Human vs Random,Human,40,30
5,Human vs Random,Human,34,29
16,Human vs Random,Random,39,23
6,Human vs Random,Human,34,28
10,Human vs Random,Random,37,27
0,Human vs Random,No one,28,28
11,Human vs Random,Human,45,34
1,Human vs Random,Human,31,30
8,Human vs Random,Human,37,29
4,Human vs Random,Random,33,29
9,Human vs Random,Human,39,30
8,Human vs Random,Human,33,25
1,Human vs Random,Random,33,32
3,Human vs Random,Random,30,27
2,Human vs Random,Random,31,29
5,Human vs Random,Random,38,33
9,Human vs Random,Random,39,30
1,Human vs Random,Random,32,31
14,Human vs Random,Human,40,26
11,Human vs Random,Human,40,29
5,Human vs Random,Random,35,30
7,Human vs Random,Random,36,29
3,Human vs Random,Random,33,30
16,Human vs Random,Random,39,23
13,Human vs Random,Human,41,28
9,Human vs Random,Random,41,32
4,Human vs Random,Human,33,29
16,Human vs Random,Human,42,26
10,Human vs Random,Random,37,27
4,Human vs Random,Human,33,29
2,Human vs Random,Human,36,34
1,Human vs Random,Human,32,31
2,Human vs Random,Human,33,31
9,Human vs Random,Human,36,27
8,Human vs Random,Random,40,32
4,Human vs Random,Random,31,27
3,Human vs Random,Random,35,32
4,Human vs Random,Human,38,34
15,Human vs Random,Human,36,21
11,Human vs Human,Human,37,26
1,Human vs Human,Human,34,33
2,Human vs Human,Human,37,35
13,Human vs Human,Human,37,24
9,Human vs Human,Human,34,25
11,Human vs Human,Human,37,26
12,Human vs Human,Human,42,30
3,Human vs Human,Human,34,31
6,Human vs Human,Human,33,27
4,Human vs Human,Human,33,29
3,Human vs Human,Human,36,33
17,Human vs Human,Human,40,23
11,Human vs Human,Human,35,24
24,Human vs Human,Human,51,27
5,Human vs Human,Human,36,31
7,Human vs Human,Human,39,32
5,Human vs Human,Human,36,31
2,Human vs Human,Human,35,33
7,Human vs Human,Human,38,31
14,Human vs Human,Human,38,24
11,Human vs Human,Human,37,26
21,Human vs Human,Human,46,25
1,Human vs Human,Human,38,37
5,Human vs Human,Human,36,31
12,Human vs Human,Human,40,28
25,Human vs Human,Human,43,18
12,Human vs Human,Human,36,24
9,Human vs Human,Human,41,32
1,Human vs Human,Human,29,28
17,Human vs Human,Human,43,26
0,Human vs Human,No one,31,31
16,Human vs Human,Human,40,24
5,Human vs Human,Human,36,31
16,Human vs Human,Human,40,24
5,Human vs Human,Human,41,36
5,Human vs Human,Human,37,32
4,Human vs Human,Human,33,29
9,Human vs Human,Human,40,31
4,Human vs Human,Human,37,33
23,Human vs Human,Human,47,24
4,Human vs Human,Human,31,27
8,Human vs Human,Human,39,31
4,Human vs Human,Human,39,35
19,Human vs Human,Human,48,29
6,Human vs Human,Human,31,25
2,Human vs Human,Human,33,31
11,Human vs Human,Human,40,29
8,Human vs Human,Human,39,31
17,Human vs Human,Human,44,27
0,Human vs Human,No one,33,33
2,Human vs Human,Human,29,27
8,Human vs Human,Human,42,34
8,Human vs Human,Human,39,31
22,Human vs Human,Human,48,26
12,Human vs Human,Human,38,26
4,Human vs Human,Human,37,33
3,Human vs Human,Human,34,31
5,Human vs Human,Human,40,35
1,Human vs Human,Human,32,31
8,Human vs Human,Human,40,32
3,Human vs Human,Human,30,27
9,Human vs Human,Human,37,28
4,Human vs Human,Human,35,31
3,Human vs Human,Human,32,29
2,Human vs Human,Human,26,24
14,Human vs Human,Human,41,27
15,Human vs Human,Human,37,22
9,Human vs Human,Human,44,35
10,Human vs Human,Human,41,31
11,Human vs Human,Human,39,28
12,Human vs Human,Human,35,23
5,Human vs Human,Human,36,31
4,Human vs Human,Human,36,32
1,Human vs Human,Human,28,27
7,Human vs Human,Human,32,25
8,Human vs Human,Human,36,28
15,Human vs Human,Human,34,19
8,Human vs Human,Human,37,29
6,Human vs Human,Human,39,33
1,Human vs Human,Human,35,34
17,Human vs Human,Human,48,31
1,Human vs Human,Human,34,33
15,Human vs Human,Human,42,27
14,Human vs Human,Human,41,27
18,Human vs Human,Human,50,32
8,Human vs Human,Human,36,28
13,Human vs Human,Human,42,29
10,Human vs Human,Human,38,28
0,Human vs Human,No one,37,37
7,Human vs Human,Human,40,33
9,Human vs Human,Human,35,26
10,Human vs Human,Human,36,26
6,Human vs Human,Human,36,30
1,Human vs Human,Human,31,30
7,Human vs Human,Human,31,24
20,Human vs Human,Human,48,28
16,Human vs Human,Human,38,22
10,Human vs Human,Human,36,26
2,Human vs Human,Human,36,34
9,Human vs Human,Human,33,24
1,Human vs Human,Human,29,28
10,Human vs Human,Human,40,30
10,Human vs Human,Human,41,31
3,Human vs Human,Human,37,34
9,Human vs Human,Human,39,30
6,Human vs Human,Human,34,28
14,Human vs Human,Human,39,25
7,Human vs Human,Human,33,26
10,Human vs Human,Human,38,28
5,Human vs Human,Human,33,28
7,Human vs Human,Human,31,24
16,Human vs Human,Human,46,30
2,Human vs Human,Human,36,34
15,Human vs Human,Human,35,20
1,Human vs Human,Human,33,32
3,Human vs Human,Human,36,33
15,Human vs Human,Human,42,27
5,Human vs Human,Human,35,30
9,Human vs Human,Human,41,32
4,Human vs Human,Human,36,32
17,Human vs Human,Human,41,24
1,Human vs Human,Human,33,32
8,Human vs Human,Human,39,31
2,Human vs Human,Human,40,38
9,Human vs Human,Human,40,31
2,Human vs Human,Human,32,30
1,Human vs Human,Human,39,38
3,Human vs Human,Human,33,30
9,Human vs Human,Human,38,29
15,Human vs Human,Human,45,30
13,Human vs Human,Human,36,23
11,Human vs Human,Human,38,27
9,Human vs Human,Human,36,27
13,Human vs Human,Human,40,27
4,Human vs Human,Human,30,26
1,Human vs Human,Human,33,32
6,Human vs Human,Human,37,31
5,Human vs Human,Human,35,30
22,Human vs Human,Human,45,23
3,Human vs Human,Human,38,35
6,Human vs Human,Human,37,31
8,Human vs Human,Human,42,34
2,Human vs Human,Human,36,34
6,Human vs Human,Human,29,23
19,Human vs Human,Human,43,24
4,Human vs Human,Human,32,28
2,Human vs Human,Human,35,33
6,Human vs Human,Human,26,20
5,Human vs Human,Human,34,29
9,Human vs Human,Human,39,30
15,Human vs Human,Human,44,29
7,Human vs Human,Human,35,28
2,Human vs Human,Human,33,31
9,Human vs Human,Human,33,24
9,Human vs Human,Human,34,25
13,Human vs Human,Human,39,26
1,Human vs Human,Human,38,37
18,Human vs Human,Human,41,23
14,Human vs Human,Human,40,26
13,Human vs Human,Human,40,27
10,Human vs Human,Human,39,29
10,Human vs Human,Human,37,27
12,Human vs Human,Human,42,30
8,Human vs Human,Human,38,30
14,Human vs Human,Human,41,27
17,Human vs Human,Human,43,26
4,Human vs Human,Human,39,35
15,Human vs Human,Human,43,28
4,Human vs Human,Human,40,36
8,Human vs Human,Human,36,28
0,Human vs Human,No one,31,31
2,Human vs Human,Human,32,30
46,Human vs Human,Human,61,15
9,Human vs Human,Human,40,31
7,Human vs Human,Human,34,27
4,Human vs Human,Human,37,33
4,Human vs Human,Human,32,28
6,Human vs Human,Human,36,30
13,Human vs Human,Human,39,26
12,Human vs Human,Human,36,24
17,Human vs Human,Human,42,25
2,Human vs Human,Human,31,29
4,Human vs Human,Human,35,31
5,Human vs Human,Human,34,29
4,Human vs Human,Human,30,26
9,Human vs Human,Human,36,27
10,Human vs Human,Human,42,32
12,Human vs Human,Human,33,21
1,Human vs Human,Human,31,30
16,Human vs Human,Human,37,21
1,Human vs Human,Human,33,32
1,Human vs Human,Human,31,30
1,Human vs Human,Human,33,32
1,Human vs Human,Human,30,29
8,Human vs Human,Human,41,33
14,Human vs Human,Human,38,24
1,Human vs Human,Human,37,36
3,Human vs Human,Human,34,31
1,Human vs Human,Human,32,31
3,Human vs Human,Human,38,35
3,Human vs Human,Human,36,33
3,Human vs Human,Human,32,29
5,Human vs Human,Human,41,36
10,Human vs Human,Human,43,33
1,Human vs Human,Human,35,34
14,Human vs Human,Human,41,27
0,Human vs Human,No one,36,36
19,Human vs Human,Human,47,28
5,Human vs Human,Human,36,31
8,Human vs Human,Human,39,31
6,Human vs Human,Human,39,33
0,Human vs Human,No one,32,32
5,Human vs Human,Human,35,30
17,Human vs Human,Human,41,24
17,Human vs Human,Human,44,27
0,Human vs Human,No one,34,34
4,Human vs Human,Human,30,26
3,Human vs Human,Human,39,36
5,Human vs Human,Human,38,33
12,Human vs Human,Human,38,26
2,Human vs Human,Human,37,35
15,Human vs Human,Human,40,25
15,Human vs Human,Human,40,25
16,Human vs Human,Human,46,30
9,Human vs Human,Human,37,28
6,Human vs Human,Human,38,32
10,Human vs Human,Human,40,30
3,Human vs Human,Human,42,39
0,Human vs Human,No one,33,33
13,Human vs Human,Human,41,28
16,Human vs Human,Human,41,25
6,Human vs Human,Human,41,35
10,Human vs Human,Human,39,29
0,Human vs Human,No one,38,38
1,Human vs Human,Human,35,34
15,Human vs Human,Human,37,22
7,Human vs Human,Human,36,29
3,Human vs Human,Human,38,35
19,Human vs Human,Human,39,20
0,Human vs Human,No one,33,33
16,Human vs Human,Human,42,26
24,Human vs Human,Human,49,25
14,Human vs Human,Human,41,27
20,Human vs Human,Human,43,23
18,Human vs Human,Human,42,24
19,Human vs Human,Human,42,23
14,Human vs Human,Human,42,28
16,Human vs Human,Human,41,25
25,Human vs Human,Human,49,24
1,Human vs Human,Human,34,33
17,Human vs Human,Human,40,23
5,Human vs Human,Human,40,35
6,Human vs Human,Human,41,35
7,Human vs Human,Human,36,29
10,Human vs Human,Human,36,26
2,Human vs Human,Human,30,28
14,Human vs Human,Human,45,31
14,Human vs Human,Human,40,26
5,Human vs Human,Human,33,28
4,Human vs Human,Human,33,29
9,Human vs Human,Human,38,29
7,Human vs Human,Human,39,32
1,Human vs Human,Human,32,31
10,Human vs Human,Human,42,32
9,Human vs Human,Human,38,29
3,Human vs Human,Human,34,31
12,Human vs Human,Human,38,26
2,Human vs Human,Human,37,35
3,Human vs Human,Human,25,22
7,Human vs Human,Human,40,33
25,Human vs Human,Human,47,22
0,Human vs Human,No one,33,33
1,Human vs Human,Human,36,35
3,Human vs Human,Human,35,32
0,Human vs Human,No one,33,33
5,Human vs Human,Human,38,33
13,Human vs Human,Human,40,27
14,Human vs Human,Human,41,27
1,Human vs Human,Human,35,34
16,Human vs Human,Human,41,25
2,Human vs Human,Human,33,31
16,Human vs Human,Human,40,24
22,Human vs Human,Human,45,23
33,Human vs Human,Human,55,22
3,Human vs Human,Human,38,35
0,Human vs Human,No one,32,32
4,Human vs Human,Human,30,26
4,Human vs Human,Human,30,26
7,Human vs Human,Human,36,29
19,Human vs Human,Human,48,29
3,Human vs Human,Human,31,28
7,Human vs Human,Human,33,26
6,Human vs Human,Human,29,23
1,Human vs Human,Human,36,35
6,Human vs Human,Human,41,35
10,Human vs Human,Human,39,29
8,Human vs Human,Human,37,29
4,Human vs Human,Human,35,31
6,Human vs Human,Human,34,28
6,Human vs Human,Human,37,31
9,Human vs Human,Human,38,29
6,Human vs Human,Human,29,23
13,Human vs Human,Human,41,28
8,Human vs Human,Human,36,28
5,Human vs Human,Human,37,32
6,Human vs Human,Human,36,30
5,Human vs Human,Human,34,29
3,Human vs Human,Human,34,31
5,Human vs Human,Human,37,32
1,Human vs Human,Human,34,33
1,Human vs Human,Human,40,39
10,Human vs Human,Human,41,31
1,Human vs Human,Human,37,36
1,Human vs Human,Human,35,34
9,Human vs Human,Human,33,24
3,Human vs Human,Human,38,35
2,Human vs Human,Human,33,31
3,Human vs Human,Human,39,36
1,Human vs Human,Human,37,36
4,Human vs Human,Human,33,29
1,Human vs Human,Human,37,36
7,Human vs Human,Human,33,26
3,Human vs Human,Human,37,34
7,Human vs Human,Human,39,32
12,Human vs Human,Human,38,26
10,Human vs Human,Human,38,28
2,Human vs Human,Human,34,32
10,Human vs Human,Human,41,31
12,Human vs Human,Human,38,26
6,Human vs Human,Human,32,26
8,Human vs Human,Human,38,30
3,Human vs Human,Human,31,28
2,Human vs Human,Human,35,33
6,Human vs Human,Human,36,30
8,Human vs Human,Human,41,33
11,Human vs Human,Human,41,30
12,Human vs Human,Human,45,33
5,Human vs Human,Human,40,35
1,Human vs Human,Human,31,30
18,Human vs Human,Human,44,26
2,Human vs Human,Human,27,25
4,Human vs Human,Human,28,24
4,Human vs Human,Human,36,32
6,Human vs Human,Human,30,24
3,Human vs Human,Human,37,34
2,Human vs Human,Human,35,33
12,Human vs Human,Human,44,32
13,Human vs Human,Human,38,25
6,Human vs Human,Human,36,30
14,Human vs Human,Human,42,28
1,Human vs Human,Human,38,37
9,Human vs Human,Human,43,34
10,Human vs Human,Human,35,25
4,Human vs Human,Human,36,32
6,Human vs Human,Human,38,32
4,Human vs Human,Human,37,33
16,Human vs Human,Human,40,24
9,Human vs Human,Human,42,33
23,Human vs Human,Human,45,22
19,Human vs Human,Human,44,25
4,Human vs Human,Human,32,28
5,Human vs Human,Human,36,31
7,Human vs Human,Human,37,30
2,Human vs Human,Human,37,35
11,Human vs Human,Human,39,28
5,Human vs Human,Human,34,29
0,Human vs Human,No one,31,31
3,Human vs Human,Human,35,32
5,Human vs Human,Human,32,27
11,Human vs Human,Human,42,31
2,Human vs Human,Human,37,35
4,Human vs Human,Human,33,29
6,Human vs Human,Human,38,32
3,Human vs Human,Human,36,33
6,Human vs Human,Human,32,26
5,Human vs Human,Human,39,34
2,Human vs Human,Human,34,32
1,Human vs Human,Human,33,32
8,Human vs Human,Human,31,23
12,Human vs Human,Human,39,27
11,Human vs Human,Human,38,27
5,Human vs Human,Human,40,35
19,Human vs Human,Human,44,25
4,Human vs Human,Human,37,33
15,Human vs Human,Human,40,25
7,Human vs Human,Human,39,32
4,Human vs Human,Human,35,31
16,Human vs Human,Human,38,22
1,Human vs Human,Human,32,31
5,Human vs Human,Human,37,32
9,Human vs Human,Human,37,28
6,Human vs Human,Human,38,32
5,Human vs Human,Human,37,32
13,Human vs Human,Human,39,26
4,Human vs Human,Human,36,32
9,Human vs Human,Human,40,31
9,Human vs Human,Human,28,19
7,Human vs Human,Human,34,27
11,Human vs Human,Human,42,31
16,Human vs Human,Human,42,26
6,Human vs Human,Human,34,28
5,Human vs Human,Human,38,33
18,Human vs Human,Human,46,28
1,Human vs Human,Human,34,33
6,Human vs Human,Human,36,30
8,Human vs Human,Human,39,31
0,Human vs Human,No one,36,36
6,Human vs Human,Human,37,31
11,Human vs Human,Human,40,29
11,Human vs Human,Human,40,29
5,Human vs Human,Human,37,32
8,Human vs Human,Human,36,28
0,Human vs Human,No one,34,34
6,Human vs Human,Human,33,27
3,Human vs Human,Human,34,31
8,Human vs Human,Human,38,30
6,Human vs Human,Human,38,32
10,Human vs Human,Human,39,29
8,Human vs Human,Human,35,27
11,Human vs Human,Human,37,26
2,Human vs Human,Human,34,32
21,Human vs Human,Human,45,24
12,Human vs Human,Human,34,22
21,Human vs Human,Human,40,19
25,Human vs Human,Human,51,26
2,Human vs Human,Human,34,32
2,Human vs Human,Human,34,32
4,Human vs Human,Human,31,27
2,Human vs Human,Human,34,32
3,Human vs Human,Human,32,29
10,Human vs Human,Human,41,31
0,Human vs Human,No one,39,39
13,Human vs Human,Human,38,25
2,Human vs Human,Human,29,27
4,Human vs Human,Human,39,35
1,Human vs Human,Human,34,33
16,Human vs Human,Human,35,19
6,Human vs Human,Human,35,29
3,Human vs Human,Human,35,32
13,Human vs Human,Human,41,28
10,Human vs Human,Human,38,28
5,Human vs Human,Human,38,33
3,Human vs Human,Human,39,36
10,Human vs Human,Human,41,31
4,Human vs Human,Human,36,32
1,Human vs Human,Human,32,31
6,Human vs Human,Human,38,32
2,Human vs Human,Human,34,32
3,Human vs Human,Human,33,30
1,Human vs Human,Human,34,33
7,Human vs Human,Human,39,32
6,Human vs Human,Human,37,31
5,Human vs Human,Human,40,35
21,Human vs Human,Human,42,21
0,Human vs Human,No one,39,39
8,Human vs Human,Human,33,25
8,Human vs Human,Human,38,30
24,Human vs Human,Human,41,17
8,Human vs Human,Human,38,30
7,Human vs Human,Human,33,26
3,Human vs Human,Human,36,33
14,Human vs Human,Human,43,29
12,Human vs Human,Human,38,26
20,Human vs Human,Human,40,20
10,Human vs Human,Human,39,29
6,Human vs Human,Human,35,29
10,Human vs Human,Human,46,36
6,Human vs Human,Human,40,34
7,Human vs Human,Human,38,31
24,Human vs Human,Human,43,19
4,Human vs Human,Human,30,26
1,Human vs Human,Human,32,31
11,Human vs Human,Human,40,29
11,Human vs Human,Human,36,25
16,Human vs Human,Human,46,30
12,Human vs Human,Human,41,29
16,Human vs Human,Human,41,25
5,Human vs Human,Human,38,33
6,Human vs Human,Human,31,25
11,Human vs Human,Human,44,33
3,Human vs Human,Human,34,31
7,Human vs Human,Human,37,30
13,Human vs Human,Human,41,28
13,Human vs Human,Human,38,25
18,Human vs Human,Human,39,21
3,Human vs Human,Human,37,34
5,Human vs Human,Human,32,27
10,Human vs Human,Human,39,29
1,Human vs Human,Human,33,32
1,Human vs Human,Human,37,36
5,Human vs Human,Human,37,32
6,Human vs Human,Human,35,29
19,Human vs Human,Human,44,25
19,Human vs Human,Human,45,26
1,Human vs Human,Human,33,32
14,Human vs Human,Human,37,23
1,Human vs Human,Human,33,32
9,Human vs Human,Human,42,33
14,Human vs Human,Human,38,24
16,Human vs Human,Human,41,25
10,Human vs Human,Human,42,32
6,Human vs Human,Human,39,33
9,Human vs Human,Human,39,30
17,Human vs Human,Human,41,24
5,Human vs Human,Human,35,30
4,Human vs Human,Human,37,33
4,Human vs Human,Human,37,33
18,Human vs Human,Human,42,24
3,Human vs Human,Human,36,33
16,Human vs Human,Human,39,23
1,Human vs Human,Human,35,34
1,Human vs Human,Human,34,33
8,Human vs Human,Human,38,30
8,Human vs Human,Human,37,29
3,Human vs Human,Human,34,31
21,Human vs Human,Human,43,22
8,Human vs Human,Human,39,31
13,Human vs Human,Human,40,27
19,Human vs Human,Human,43,24
3,Human vs Human,Human,33,30
9,Human vs Human,Human,39,30
1,Human vs Human,Human,31,30
4,Human vs Human,Human,34,30
8,Human vs Human,Human,37,29
16,Human vs Human,Human,42,26
1,Human vs Human,Human,37,36
6,Human vs Human,Human,32,26
8,Human vs Human,Human,42,34
12,Human vs Human,Human,38,26
14,Human vs Human,Human,48,34
5,Human vs Human,Human,33,28
2,Human vs Human,Human,35,33
1,Human vs Human,Human,33,32
2,Human vs Human,Human,31,29
1,Human vs Human,Human,35,34
10,Human vs Human,Human,40,30
2,Human vs Human,Human,34,32
4,Human vs Human,Human,31,27
6,Human vs Human,Human,40,34
9,Human vs Human,Human,40,31
2,Human vs Human,Human,35,33
18,Human vs Human,Human,42,24
7,Human vs Human,Human,43,36
17,Human vs Human,Human,41,24
4,Human vs Human,Human,32,28
6,Human vs Human,Human,32,26
17,Human vs Human,Human,42,25
9,Human vs Human,Human,34,25
2,Human vs Human,Human,29,27
9,Human vs Human,Human,39,30
10,Human vs Human,Human,38,28
0,Human vs Human,No one,34,34
13,Human vs Human,Human,41,28
13,Human vs Human,Human,42,29
4,Human vs Human,Human,33,29
8,Human vs Human,Human,34,26
7,Human vs Human,Human,41,34
6,Human vs Human,Human,39,33
13,Human vs Human,Human,36,23
11,Human vs Human,Human,38,27
17,Human vs Human,Human,42,25
6,Human vs Human,Human,38,32
1,Human vs Human,Human,37,36
12,Human vs Human,Human,42,30
4,Human vs Human,Human,34,30
9,Human vs Human,Human,42,33
32,Human vs Human,Human,48,16
5,Human vs Human,Human,30,25
3,Human vs Human,Human,39,36
0,Human vs Human,No one,33,33
16,Human vs Human,Human,41,25
1,Human vs Human,Human,39,38
8,Human vs Human,Human,39,31
13,Human vs Human,Human,42,29
17,Human vs Human,Human,39,22
19,Human vs Human,Human,44,25
5,Human vs Human,Human,36,31
3,Human vs Human,Human,39,36
12,Human vs Human,Human,41,29
20,Human vs Human,Human,44,24
8,Human vs Human,Human,32,24
13,Human vs Human,Human,42,29
15,Human vs Human,Human,42,27
1,Human vs Human,Human,38,37
4,Human vs Human,Human,29,25
1,Human vs Human,Human,30,29
13,Human vs Human,Human,37,24
1,Human vs Human,Human,37,36
6,Human vs Human,Human,42,36
18,Human vs Human,Human,46,28
22,Human vs Human,Human,48,26
17,Human vs Human,Human,45,28
4,Human vs Human,Human,38,34
10,Human vs Human,Human,35,25
17,Human vs Human,Human,44,27
12,Human vs Human,Human,43,31
6,Human vs Human,Human,35,29
0,Human vs Human,No one,31,31
4,Human vs Human,Human,31,27
5,Human vs Human,Human,32,27
20,Human vs Human,Human,45,25
16,Human vs Human,Human,40,24
4,Human vs Human,Human,36,32
1,Human vs Human,Human,34,33
14,Human vs Human,Human,43,29
3,Human vs Human,Human,29,26
8,Human vs Human,Human,40,32
8,Human vs Human,Human,36,28
19,Human vs Human,Human,45,26
25,Human vs Human,Human,43,18
4,Human vs Human,Human,33,29
5,Human vs Human,Human,38,33
14,Human vs Human,Human,39,25
10,Human vs Human,Human,35,25
0,Human vs Human,No one,34,34
5,Human vs Human,Human,38,33
8,Human vs Human,Human,37,29
14,Human vs Human,Human,39,25
10,Human vs Human,Human,44,34
12,Human vs Human,Human,40,28
21,Human vs Human,Human,43,22
10,Human vs Human,Human,36,26
1,Human vs Human,Human,35,34
16,Human vs Human,Human,39,23
7,Human vs Human,Human,32,25
4,Human vs Human,Human,38,34
6,Human vs Human,Human,35,29
1,Human vs Human,Human,34,33
13,Human vs Human,Human,37,24
15,Human vs Human,Human,41,26
11,Human vs Human,Human,40,29
1,Human vs Human,Human,33,32
1,Human vs Human,Human,32,31
11,Human vs Human,Human,33,22
5,Human vs Human,Human,36,31
8,Human vs Human,Human,37,29
7,Human vs Human,Human,37,30
1,Human vs Human,Human,37,36
1,Human vs Human,Human,34,33
6,Human vs Human,Human,39,33
1,Human vs Human,Human,38,37
3,Human vs Human,Human,35,32
14,Human vs Human,Human,40,26
2,Human vs Human,Human,32,30
2,Human vs Human,Human,30,28
5,Human vs Human,Human,39,34
0,Human vs Human,No one,33,33
5,Human vs Human,Human,38,33
1,Human vs Human,Human,33,32
17,Human vs Human,Human,45,28
25,Human vs Human,Human,46,21
0,Human vs Human,No one,35,35
3,Human vs Human,Human,36,33
15,Human vs Human,Human,40,25
5,Human vs Human,Human,39,34
10,Human vs Human,Human,39,29
13,Human vs Human,Human,39,26
13,Human vs Human,Human,40,27
23,Human vs Human,Human,42,19
3,Human vs Human,Human,35,32
5,Human vs Human,Human,33,28
4,Human vs Human,Human,32,28
3,Human vs Human,Human,31,28
8,Human vs Human,Human,39,31
4,Human vs Human,Human,34,30
7,Human vs Human,Human,33,26
6,Human vs Human,Human,36,30
12,Human vs Human,Human,38,26
7,Human vs Human,Human,37,30
13,Human vs Human,Human,42,29
10,Human vs Human,Human,35,25
7,Human vs Human,Human,37,30
11,Human vs Human,Human,40,29
6,Human vs Human,Human,34,28
3,Human vs Human,Human,40,37
4,Human vs Human,Human,37,33
2,Human vs Human,Human,36,34
12,Human vs Human,Human,42,30
8,Human vs Human,Human,43,35
5,Human vs Human,Human,35,30
0,Human vs Human,No one,29,29
16,Human vs Human,Human,42,26
4,Human vs Human,Human,34,30
21,Human vs Human,Human,48,27
22,Human vs Human,Human,46,24
5,Human vs Human,Human,41,36
0,Human vs Human,No one,30,30
14,Human vs Human,Human,37,23
9,Human vs Human,Human,32,23
10,Human vs Human,Human,45,35
5,Human vs Human,Human,38,33
13,Human vs Human,Human,43,30
1,Human vs Human,Human,36,35
3,Human vs Human,Human,31,28
13,Human vs Human,Human,37,24
3,Human vs Human,Human,36,33
3,Human vs Human,Human,36,33
2,Human vs Human,Human,33,31
6,Human vs Human,Human,38,32
0,Human vs Human,No one,35,35
2,Human vs Human,Human,38,36
22,Human vs Human,Human,43,21
8,Human vs Human,Human,41,33
1,Human vs Human,Human,34,33
2,Human vs Human,Human,38,36
2,Human vs Human,Human,38,36
4,Human vs Human,Human,31,27
3,Human vs Human,Human,39,36
7,Human vs Human,Human,40,33
9,Human vs Human,Human,39,30
9,Human vs Human,Human,30,21
9,Human vs Human,Human,36,27
29,Human vs Human,Human,50,21
12,Human vs Human,Human,35,23
3,Human vs Human,Human,37,34
11,Human vs Human,Human,39,28
20,Human vs Human,Human,46,26
3,Human vs Human,Human,38,35
13,Human vs Human,Human,39,26
10,Human vs Human,Human,38,28
2,Human vs Human,Human,35,33
23,Human vs Human,Human,46,23
3,Human vs Human,Human,35,32
12,Human vs Human,Human,45,33
8,Human vs Human,Human,39,31
8,Human vs Human,Human,35,27
3,Human vs Human,Human,39,36
1,Human vs Human,Human,35,34
6,Human vs Human,Human,36,30
8,Human vs Human,Human,36,28
0,Human vs Human,No one,33,33
8,Human vs Human,Human,46,38
9,Human vs Human,Human,39,30
3,Human vs Human,Human,34,31
7,Human vs Human,Human,39,32
7,Human vs Human,Human,43,36
1,Human vs Human,Human,31,30
22,Human vs Human,Human,45,23
14,Human vs Human,Human,42,28
9,Human vs Human,Human,33,24
4,Human vs Human,Human,39,35
19,Human vs Human,Human,40,21
3,Human vs Human,Human,36,33
11,Human vs Human,Human,36,25
3,Human vs Human,Human,37,34
2,Human vs Human,Human,32,30
5,Human vs Human,Human,34,29
8,Human vs Human,Human,35,27
1,Human vs Human,Human,30,29
4,Human vs Human,Human,33,29
13,Human vs Human,Human,38,25
3,Human vs Human,Human,36,33
5,Human vs Human,Human,38,33
0,Human vs Human,No one,29,29
3,Human vs Human,Human,34,31
5,Human vs Human,Human,34,29
14,Human vs Human,Human,42,28
13,Human vs Human,Human,33,20
0,Human vs Human,No one,32,32
1,Human vs Human,Human,35,34
6,Human vs Human,Human,34,28
6,Human vs Human,Human,35,29
2,Human vs Human,Human,33,31
1,Human vs Human,Human,29,28
1,Human vs Human,Human,33,32
5,Human vs Human,Human,40,35
8,Human vs Human,Human,41,33
4,Human vs Human,Human,37,33
6,Human vs Human,Human,41,35
6,Human vs Human,Human,39,33
6,Human vs Human,Human,40,34
9,Human vs Human,Human,38,29
5,Human vs Human,Human,38,33
16,Human vs Human,Human,40,24
4,Human vs Human,Human,33,29
6,Human vs Human,Human,29,23
6,Human vs Human,Human,41,35
8,Human vs Human,Human,38,30
10,Human vs Human,Human,35,25
2,Human vs Human,Human,36,34
4,Human vs Human,Human,36,32
4,Human vs Human,Human,37,33
10,Human vs Human,Human,33,23
9,Human vs Human,Human,46,37
13,Human vs Human,Human,36,23
13,Human vs Human,Human,36,23
17,Human vs Human,Human,38,21
11,Human vs Human,Human,39,28
6,Human vs Human,Human,35,29
12,Human vs Human,Human,41,29
18,Human vs Human,Human,47,29
13,Human vs Human,Human,38,25
22,Human vs Human,Human,45,23
12,Human vs Human,Human,40,28
3,Human vs Human,Human,29,26
10,Human vs Human,Human,34,24
7,Human vs Human,Human,39,32
12,Human vs Human,Human,37,25
27,Human vs Human,Human,46,19
2,Human vs Human,Human,32,30
3,Human vs Human,Human,33,30
0,Human vs Human,No one,33,33
7,Human vs Human,Human,37,30
4,Human vs Human,Human,41,37
9,Human vs Human,Human,35,26
6,Human vs Human,Human,40,34
8,Human vs Human,Human,35,27
5,Human vs Human,Human,42,37
1,Human vs Human,Human,34,33
27,Human vs Human,Human,50,23
1,Human vs Human,Human,34,33
8,Human vs Human,Human,34,26
13,Human vs Human,Human,40,27
14,Human vs Human,Human,43,29
8,Human vs Human,Human,35,27
5,Human vs Human,Human,40,35
21,Human vs Human,Human,46,25
5,Human vs Human,Human,34,29
4,Human vs Human,Human,37,33
1,Human vs Human,Human,36,35
2,Human vs Human,Human,33,31
16,Human vs Human,Human,42,26
1,Human vs Human,Human,31,30
8,Human vs Human,Human,33,25
4,Human vs Human,Human,33,29
7,Human vs Human,Human,36,29
4,Human vs Human,Human,32,28
4,Human vs Human,Human,37,33
9,Human vs Human,Human,36,27
1,Human vs Human,Human,36,35
1,Human vs Human,Human,30,29
18,Human vs Human,Human,39,21
12,Human vs Human,Human,38,26
24,Human vs Human,Human,44,20
7,Human vs Human,Human,42,35
8,Human vs Human,Human,37,29
0,Human vs Human,No one,32,32
3,Human vs Human,Human,34,31
9,Human vs Human,Human,38,29
19,Human vs Human,Human,43,24
0,Human vs Human,No one,31,31
7,Human vs Human,Human,36,29
12,Human vs Human,Human,41,29
14,Human vs Human,Human,39,25
9,Human vs Human,Human,40,31
4,Human vs Human,Human,34,30
2,Human vs Human,Human,36,34
9,Human vs Human,Human,41,32
1,Human vs Human,Human,38,37
16,Human vs Human,Human,39,23
3,Human vs Human,Human,34,31
11,Human vs Human,Human,40,29
2,Human vs Human,Human,35,33
4,Human vs Human,Human,36,32
14,Human vs Human,Human,43,29
13,Human vs Human,Human,43,30
1,Human vs Human,Human,34,33
22,Human vs Human,Human,41,19
1,Human vs Human,Human,40,39
6,Human vs Human,Human,38,32
2,Human vs Human,Human,38,36
8,Human vs Human,Human,38,30
8,Human vs Human,Human,39,31
4,Human vs Human,Human,36,32
4,Human vs Human,Human,39,35
14,Human vs Human,Human,35,21
0,Human vs Human,No one,36,36
5,Human vs Human,Human,39,34
4,Human vs Human,Human,37,33
4,Human vs Human,Human,38,34
29,Human vs Human,Human,47,18
4,Human vs Human,Human,26,22
8,Human vs Human,Human,37,29
4,Human vs Human,Human,39,35
1,Human vs Human,Human,35,34
18,Human vs Human,Human,43,25
6,Human vs Human,Human,35,29
1,Human vs Human,Human,33,32
13,Human vs Human,Human,36,23
1,Human vs Human,Human,36,35
14,Human vs Human,Human,38,24
7,Human vs Human,Human,38,31
13,Human vs Human,Human,44,31
11,Human vs Human,Human,37,26
4,Human vs Human,Human,34,30
4,Human vs Human,Human,35,31
13,Human vs Human,Human,42,29
2,Human vs Human,Human,36,34
17,Human vs Human,Human,41,24
0,Human vs Human,No one,34,34
8,Human vs Human,Human,42,34
5,Human vs Human,Human,34,29
6,Human vs Human,Human,38,32
5,Human vs Human,Human,33,28
6,Human vs Human,Human,35,29
30,Human vs Human,Human,51,21
5,Human vs Human,Human,41,36
8,Human vs Human,Human,32,24
19,Human vs Human,Human,45,26
0,Human vs Human,No one,31,31
4,Human vs Human,Human,34,30
9,Human vs Human,Human,41,32
13,Human vs Human,Human,46,33
12,Human vs Human,Human,39,27
1,Human vs Human,Human,35,34
1,Human vs Human,Human,29,28
10,Human vs Human,Human,34,24
6,Human vs Human,Human,43,37
3,Human vs Human,Human,33,30
3,Human vs Human,Human,38,35
18,Human vs Human,Human,47,29
13,Human vs Human,Human,41,28
2,Human vs Human,Human,29,27
1,Human vs Human,Human,35,34
5,Human vs Human,Human,36,31
3,Human vs Human,Human,34,31
5,Human vs Human,Human,32,27
10,Human vs Human,Human,36,26
3,Human vs Human,Human,32,29
20,Human vs Human,Human,41,21
1,Human vs Human,Human,34,33
19,Human vs Human,Human,45,26
10,Human vs Human,Human,42,32
12,Human vs Human,Human,39,27
1,Human vs Human,Human,28,27
21,Human vs Human,Human,46,25
3,Human vs Human,Human,32,29
6,Human vs Human,Human,38,32
0,Human vs Human,No one,34,34
4,Human vs Human,Human,33,29
1,Human vs Human,Human,29,28
15,Human vs Human,Human,38,23
5,Human vs Human,Human,37,32
6,Human vs Human,Human,37,31
4,Human vs Human,Human,28,24
12,Human vs Human,Human,35,23
0,Human vs Human,No one,35,35
4,Human vs Human,Human,31,27
2,Human vs Human,Human,31,29
13,Human vs Human,Human,44,31
12,Human vs Human,Human,42,30
3,Human vs Human,Human,35,32
5,Human vs Human,Human,33,28
4,Human vs Human,Human,31,27
7,Human vs Human,Human,37,30
10,Human vs Human,Human,36,26
18,Human vs Human,Human,48,30
18,Human vs Human,Human,41,23
8,Human vs Human,Human,38,30
16,Human vs Human,Human,40,24
1,Human vs Human,Human,39,38
9,Human vs Human,Human,35,26
7,Human vs Human,Human,39,32
1,Human vs Human,Human,31,30
3,Human vs Human,Human,40,37
3,Human vs Human,Human,34,31
12,Human vs Human,Human,43,31
15,Human vs Human,Human,37,22
8,Human vs Human,Human,35,27
18,Human vs Human,Human,40,22
17,Human vs Human,Human,41,24
20,Human vs Human,Human,44,24
5,Human vs Human,Human,30,25
8,Human vs Human,Human,38,30
5,Human vs Human,Human,39,34
5,Human vs Human,Human,31,26
6,Human vs Human,Human,40,34
21,Human vs Human,Human,47,26
28,Human vs Human,Human,45,17
5,Human vs Human,Human,34,29
7,Human vs Human,Human,39,32
4,Human vs Human,Human,30,26
8,Human vs Human,Human,41,33
3,Human vs Human,Human,36,33
4,Human vs Human,Human,35,31
20,Human vs Human,Human,44,24
15,Human vs Human,Human,42,27
4,Human vs Human,Human,28,24
0,Human vs Human,No one,35,35
3,Human vs Human,Human,38,35
1,Human vs Human,Human,35,34
15,Human vs Human,Human,45,30
6,Human vs Human,Human,40,34
23,Human vs Human,Human,44,21
10,Human vs Human,Human,42,32
13,Human vs Human,Human,38,25
2,Human vs Human,Human,39,37
10,Human vs Human,Human,36,26
3,Human vs Human,Human,29,26
11,Human vs Human,Human,38,27
10,Human vs Human,Human,34,24
0,Human vs Human,No one,36,36
10,Human vs Human,Human,32,22
1,Human vs Human,Human,30,29
10,Human vs Human,Human,40,30
4,Human vs Human,Human,34,30
0,Human vs Human,No one,30,30
5,Human vs Human,Human,32,27
1,Human vs Human,Human,30,29
1,Human vs Human,Human,33,32
